0 0.997021 0.444618 0.107778 0.527653 0.350999
1 0.995647 0.180536 0.429205 0.218671 0.466066
0 0.995183 0.073515 0.088717 0.116643 0.226480
1 0.994651 0.384119 0.420953 0.420734 0.453605
1 0.994642 0.504759 0.381333 0.536931 0.409382
0 0.994602 0.452313 0.126650 0.515726 0.332566
1 0.993959 0.617702 0.387633 0.759968 0.528329
1 0.993786 0.915136 0.504822 0.951765 0.535767
1 0.993305 0.389879 0.420796 0.431687 0.453821
1 0.993110 0.485077 0.567270 0.520007 0.598864
1 0.993081 0.573200 0.559730 0.604066 0.585593
1 0.992976 0.925995 0.502789 0.966886 0.537680
1 0.992956 0.906593 0.507529 0.940085 0.533693
1 0.992891 0.647320 0.410298 0.686705 0.442818
1 0.992806 0.484957 0.421858 0.521867 0.449315
1 0.992611 0.337602 0.399537 0.369811 0.431862
1 0.992495 0.609424 0.387794 0.746630 0.527073
1 0.992467 0.452763 0.493112 0.489911 0.526073
1 0.992301 0.899195 0.506271 0.932786 0.534853
1 0.992299 0.638625 0.414924 0.666151 0.436901
1 0.992294 0.448116 0.493238 0.480238 0.524193
1 0.991733 0.634954 0.417451 0.657723 0.436168
1 0.991715 0.491580 0.566614 0.528095 0.599508
1 0.991675 0.526084 0.383019 0.556551 0.408085
1 0.991617 0.944853 0.506357 0.980002 0.534557
1 0.991558 0.649523 0.399543 0.762007 0.514079
1 0.991522 0.441758 0.392844 0.472014 0.417931
1 0.991300 0.629519 0.418452 0.664077 0.449539
1 0.991205 0.373549 0.421482 0.428952 0.469199
1 0.991203 0.939254 0.506544 0.971080 0.534275
1 0.991180 0.441614 0.492526 0.473460 0.522903
1 0.991127 0.875145 0.506142 0.909737 0.534900
1 0.991089 0.379539 0.421388 0.407109 0.450327
1 0.990977 0.292747 0.412552 0.324364 0.439508
1 0.990931 0.498319 0.565113 0.535939 0.599939
1 0.990877 0.791735 0.570503 0.821525 0.595660
1 0.990866 0.325835 0.542550 0.381326 0.599122
1 0.990515 0.465663 0.565063 0.505241 0.600759
1 0.990426 0.659715 0.000000 0.688807 0.021789
1 0.990422 0.578811 0.555018 0.615296 0.589504
1 0.990359 0.384756 0.335403 0.596954 0.497119
1 0.990344 0.475907 0.567579 0.510843 0.598584
1 0.990304 0.272433 0.415791 0.299203 0.438089
1 0.990139 0.892264 0.506374 0.924311 0.534613
1 0.989961 0.432805 0.393243 0.461906 0.417259
1 0.989958 0.603842 0.395527 0.720194 0.518046
1 0.989951 0.071969 0.492772 0.105185 0.526333
1 0.989947 0.884702 0.505876 0.917418 0.535051
1 0.989918 0.954670 0.505635 0.988485 0.534791
1 0.989848 0.296746 0.412174 0.331620 0.441267
1 0.989830 0.560977 0.389270 0.588596 0.417424
1 0.989687 0.435336 0.493987 0.463665 0.521215
1 0.989668 0.634936 0.416391 0.671237 0.453067
0 0.989549 0.000000 0.029424 0.127765 0.387310
1 0.989445 0.481985 0.417505 0.515435 0.453430
1 0.989402 0.428250 0.493289 0.458731 0.521773
1 0.989384 0.047254 0.493982 0.081261 0.525899
1 0.989354 0.504918 0.563268 0.545082 0.601551
1 0.989196 0.639458 0.410869 0.679965 0.441572
1 0.989174 0.457543 0.560872 0.499473 0.604112
1 0.989085 0.583262 0.377049 0.772758 0.537958
1 0.989073 0.077745 0.493273 0.112591 0.526735
1 0.989018 0.526456 0.440537 0.567055 0.484272
1 0.988975 0.675788 0.402826 0.705827 0.428824
1 0.988951 0.306575 0.409256 0.342345 0.444289
1 0.988718 0.461787 0.391196 0.489570 0.416991
1 0.988691 0.085731 0.493751 0.120377 0.526198
1 0.988544 0.633096 0.414651 0.682943 0.458641
1 0.988502 0.197481 0.282455 0.219198 0.300405
0 0.988482 0.461459 0.143517 0.504936 0.294021
1 0.988478 0.329536 0.554042 0.365243 0.590207
1 0.988375 0.472002 0.381978 0.502306 0.409363
1 0.988359 0.025267 0.493721 0.057713 0.525655
1 0.988337 0.093540 0.494469 0.126878 0.525301
1 0.988193 0.039090 0.494040 0.072972 0.525955
1 0.988158 0.688229 0.400159 0.721277 0.430356
1 0.988106 0.388054 0.552118 0.428754 0.588850
1 0.988036 0.406501 0.487359 0.454396 0.528893
1 0.988020 0.055249 0.494031 0.088229 0.525533
1 0.987983 0.104873 0.176237 0.140158 0.212390
1 0.987923 0.450951 0.392654 0.476950 0.416875
1 0.987894 0.561828 0.366038 0.828761 0.549816
1 0.987867 0.679948 0.414613 0.729376 0.458919
1 0.987863 0.960035 0.503365 0.998024 0.536834
1 0.987860 0.682370 0.400796 0.713389 0.429921
1 0.987777 0.499883 0.384727 0.524623 0.405875
1 0.987536 0.512785 0.564085 0.551927 0.601115
1 0.987502 0.785392 0.570981 0.813754 0.595250
1 0.987453 0.000000 0.492661 0.026280 0.524195
1 0.987206 0.102496 0.495168 0.134266 0.523911
1 0.987104 0.644554 0.416457 0.688671 0.456886
1 0.987049 0.393060 0.541632 0.438811 0.583017
1 0.986967 0.312173 0.404928 0.339321 0.426620
1 0.986920 0.376802 0.421424 0.436824 0.472243
1 0.986744 0.287337 0.414024 0.328224 0.454875
1 0.986660 0.385147 0.539234 0.432932 0.585277
1 0.986618 0.322668 0.556963 0.354988 0.587583
1 0.986564 0.020480 0.495221 0.049259 0.523242
1 0.986558 0.062728 0.493497 0.095758 0.525665
0 0.986497 0.466351 0.161285 0.502467 0.276469
