1 0.996368 0.417804 0.382451 0.449746 0.408367
1 0.996001 0.129887 0.430395 0.163628 0.464148
1 0.995272 0.339769 0.420846 0.382799 0.452337
1 0.995209 0.331249 0.418757 0.373803 0.455337
0 0.995055 0.409256 0.142729 0.462048 0.316364
1 0.994233 0.242759 0.410106 0.278580 0.443756
1 0.994155 0.851790 0.496521 0.885651 0.523865
1 0.993974 0.425594 0.410538 0.468645 0.450549
1 0.993602 0.240137 0.412630 0.269790 0.440739
1 0.993049 0.426312 0.382270 0.455208 0.408546
1 0.992957 0.846293 0.496506 0.877330 0.523647
1 0.992805 0.861097 0.494250 0.896443 0.525376
1 0.992690 0.656069 0.390260 0.691169 0.421890
1 0.992683 0.415559 0.384403 0.439972 0.405780
1 0.992138 0.678797 0.390859 0.713317 0.421300
1 0.992078 0.428132 0.417300 0.459186 0.444471
1 0.991998 0.596353 0.403690 0.629167 0.428928
1 0.991977 0.737418 0.558801 0.768649 0.586454
1 0.991961 0.587214 0.408099 0.611072 0.425078
1 0.991921 0.830097 0.496041 0.861760 0.524126
1 0.991738 0.672381 0.388667 0.708623 0.423090
1 0.991733 0.000000 0.496783 0.026985 0.523645
1 0.991605 0.595626 0.409541 0.632040 0.439975
1 0.991480 0.837707 0.496744 0.868748 0.523431
1 0.991411 0.651196 0.390388 0.683501 0.421248
0 0.991370 0.408442 0.146706 0.452585 0.290865
1 0.991306 0.331820 0.396009 0.359292 0.416397
1 0.991283 0.874342 0.493745 0.909093 0.525539
1 0.991139 0.356918 0.542679 0.397204 0.581095
1 0.990950 0.348852 0.393383 0.377004 0.418635
1 0.990791 0.663245 0.391010 0.698139 0.421219
1 0.990681 0.820644 0.495611 0.854208 0.524583
1 0.990663 0.585993 0.412096 0.614055 0.438628
1 0.990622 0.536374 0.385301 0.562876 0.405682
1 0.990490 0.386205 0.480679 0.430392 0.518966
1 0.990453 0.589815 0.404622 0.617622 0.427298
1 0.990451 0.380095 0.486977 0.434406 0.531071
1 0.990407 0.372912 0.487465 0.427196 0.531310
1 0.990379 0.459648 0.557637 0.496519 0.587905
1 0.990339 0.379386 0.480501 0.422878 0.519133
1 0.990239 0.260174 0.403311 0.291736 0.427840
1 0.990167 0.606947 0.407120 0.651336 0.446160
1 0.989972 0.248530 0.407213 0.290884 0.446279
1 0.989948 0.343582 0.461727 0.503647 0.578265
1 0.989944 0.395260 0.481528 0.436356 0.517944
1 0.989853 0.521419 0.384321 0.546788 0.406370
1 0.989825 0.437075 0.459384 0.478991 0.495730
1 0.989749 0.476076 0.382273 0.503293 0.406958
1 0.989661 0.567354 0.393571 0.655370 0.481192
1 0.989554 0.325120 0.393662 0.353751 0.418697
1 0.989394 0.644152 0.392286 0.674800 0.419451
1 0.989317 0.268818 0.523696 0.311704 0.557248
1 0.989218 0.581240 0.406964 0.623216 0.446188
1 0.989130 0.482897 0.382416 0.511440 0.406994
1 0.989084 0.317860 0.394127 0.345223 0.418140
1 0.989014 0.326617 0.467037 0.488306 0.573502
1 0.989007 0.590656 0.388883 0.696722 0.485264
1 0.988911 0.584328 0.394795 0.670315 0.479889
1 0.988807 0.346796 0.353384 0.502316 0.521327
1 0.988696 0.001810 0.495910 0.034109 0.524462
1 0.988605 0.237215 0.418568 0.271243 0.448914
1 0.988555 0.884289 0.494700 0.916943 0.524373
1 0.988407 0.529340 0.384680 0.554820 0.405908
1 0.988400 0.740283 0.555640 0.777767 0.589301
1 0.988364 0.016510 0.495221 0.050276 0.524944
1 0.988290 0.513056 0.360117 0.710085 0.549026
1 0.988268 0.400044 0.383578 0.493222 0.489879
1 0.988264 0.397634 0.387076 0.427706 0.418503
1 0.988255 0.130299 0.427872 0.170819 0.466973
1 0.988244 0.284121 0.390699 0.436757 0.521519
1 0.988221 0.291278 0.391144 0.321438 0.420984
1 0.988213 0.387603 0.485155 0.442675 0.531791
1 0.988194 0.372900 0.489205 0.416799 0.526980
1 0.988180 0.311872 0.396612 0.336615 0.415593
1 0.987987 0.430164 0.382432 0.462346 0.408273
1 0.987618 0.026220 0.496289 0.056222 0.523793
1 0.987486 0.035437 0.496513 0.063945 0.523573
1 0.987433 0.534150 0.365728 0.721286 0.544542
1 0.987432 0.637999 0.394568 0.665102 0.417602
1 0.987421 0.342564 0.395887 0.367199 0.416449
1 0.987416 0.400056 0.380490 0.425168 0.409231
1 0.987412 0.865134 0.491495 0.904017 0.527417
1 0.987261 0.500681 0.379650 0.535217 0.409257
1 0.987251 0.605202 0.410894 0.662017 0.458703
1 0.987246 0.316531 0.466877 0.470726 0.572678
1 0.987011 0.257108 0.404878 0.284518 0.426612
1 0.987010 0.512252 0.382040 0.540155 0.407371
1 0.986972 0.202792 0.418236 0.224576 0.435652
1 0.986963 0.336506 0.342773 0.496221 0.531299
1 0.986941 0.477017 0.448586 0.507274 0.477486
1 0.986914 0.041898 0.496834 0.070521 0.523459
1 0.986904 0.594829 0.386459 0.720147 0.485874
1 0.986767 0.352577 0.392213 0.383871 0.420037
1 0.986710 0.140329 0.279883 0.163904 0.302364
1 0.986701 0.689113 0.407911 0.727933 0.442859
1 0.986681 0.468493 0.555200 0.506268 0.589690
1 0.986665 0.532233 0.456969 0.560505 0.499720
1 0.986656 0.379226 0.482602 0.411674 0.515880
1 0.986607 0.451313 0.554908 0.490537 0.590633
1 0.986595 0.074320 0.519104 0.103616 0.542860
