1 0.996455 0.445166 0.393278 0.474189 0.418007
1 0.995574 0.428263 0.392373 0.463852 0.419702
1 0.995100 0.182220 0.432326 0.215221 0.463011
1 0.994773 0.338223 0.402550 0.368874 0.430310
1 0.994765 0.529376 0.393050 0.556467 0.418422
0 0.994649 0.073640 0.076172 0.117265 0.238082
1 0.994621 0.484569 0.568516 0.519720 0.597708
1 0.994238 0.381103 0.419812 0.418205 0.455054
1 0.993690 0.041953 0.498015 0.071746 0.522641
1 0.993321 0.629637 0.420403 0.661402 0.450565
1 0.993287 0.485240 0.467611 0.526339 0.503618
1 0.993285 0.907781 0.508671 0.939946 0.532584
1 0.993170 0.901060 0.508563 0.931195 0.532756
1 0.993100 0.472092 0.413854 0.517761 0.460357
1 0.993003 0.474058 0.566326 0.513270 0.599813
1 0.992855 0.078386 0.495525 0.113345 0.525048
1 0.992819 0.546580 0.385813 0.588137 0.424422
1 0.992397 0.929898 0.504329 0.964412 0.536267
1 0.992362 0.051345 0.497162 0.081581 0.523355
1 0.992332 0.446312 0.393161 0.477063 0.418700
1 0.992180 0.335019 0.402726 0.361946 0.429677
1 0.992151 0.869292 0.507917 0.901377 0.533334
1 0.992136 0.917055 0.506211 0.950059 0.533768
1 0.992130 0.493348 0.568199 0.527456 0.597684
1 0.992082 0.633476 0.417381 0.655478 0.436232
1 0.991933 0.388311 0.422442 0.427738 0.452308
1 0.991874 0.464594 0.563382 0.507472 0.602483
1 0.991866 0.790686 0.570067 0.821765 0.596053
1 0.991863 0.528094 0.389420 0.566659 0.422315
1 0.991863 0.937664 0.505951 0.971706 0.534937
1 0.991838 0.885378 0.507805 0.916298 0.533435
1 0.991709 0.877877 0.508226 0.908509 0.533001
1 0.991647 0.424630 0.488427 0.471011 0.531855
1 0.991616 0.893496 0.507400 0.924483 0.533810
1 0.991506 0.500045 0.565986 0.536474 0.599651
1 0.991504 0.556217 0.389428 0.592095 0.421627
1 0.991500 0.628962 0.394171 0.751954 0.520543
1 0.991406 0.431423 0.394098 0.453953 0.416686
1 0.991290 0.432540 0.488894 0.478124 0.531193
1 0.991267 0.637927 0.414413 0.666610 0.436617
1 0.991240 0.089110 0.497216 0.119020 0.523215
1 0.991036 0.946536 0.506355 0.979770 0.534238
1 0.991003 0.567238 0.392381 0.598593 0.419323
1 0.990941 0.377557 0.550348 0.415792 0.590668
0 0.990849 0.055422 0.072307 0.132855 0.282493
1 0.990845 0.063640 0.494267 0.097949 0.526147
1 0.990822 0.346006 0.403312 0.375861 0.429700
1 0.990710 0.572963 0.558266 0.606166 0.586989
1 0.990684 0.035307 0.496933 0.064668 0.523448
0 0.990558 0.453339 0.132140 0.508749 0.327280
1 0.990460 0.634634 0.418930 0.668403 0.452842
1 0.990346 0.427195 0.492100 0.460222 0.526293
0 0.990268 0.090944 0.017916 0.160055 0.251124
1 0.990261 0.019795 0.498354 0.047558 0.522078
1 0.990220 0.396603 0.475469 0.512933 0.564709
1 0.990124 0.544253 0.392433 0.572858 0.418348
1 0.989979 0.095695 0.496984 0.127422 0.523504
1 0.989899 0.598693 0.397032 0.720118 0.516637
1 0.989846 0.505885 0.566085 0.543333 0.599820
1 0.989765 0.674377 0.403687 0.705090 0.429109
1 0.989760 0.072016 0.495708 0.104728 0.524574
1 0.989719 0.439595 0.489165 0.484198 0.530850
1 0.989484 0.304452 0.410067 0.342984 0.443209
1 0.989432 0.404024 0.551867 0.444400 0.588521
1 0.989382 0.660087 0.000000 0.687158 0.021253
1 0.989377 0.056045 0.495856 0.088545 0.524632
1 0.989234 0.608665 0.388081 0.744441 0.526141
1 0.989211 0.785239 0.570191 0.814784 0.595991
1 0.989186 0.639557 0.412033 0.678348 0.440434
1 0.989185 0.719820 0.400707 0.751750 0.431682
1 0.989180 0.368936 0.421824 0.430309 0.467733
1 0.989141 0.569033 0.559305 0.596634 0.585835
1 0.989052 0.188834 0.431078 0.222053 0.463550
1 0.988940 0.698889 0.399970 0.729248 0.431448
1 0.988872 0.391820 0.400532 0.425744 0.429853
1 0.988832 0.704120 0.400876 0.736861 0.431244
1 0.988759 0.350858 0.330961 0.619047 0.501795
1 0.988389 0.954578 0.505003 0.987565 0.535012
1 0.988231 0.402317 0.470614 0.459109 0.522338
1 0.988179 0.355534 0.403364 0.383185 0.429406
1 0.988133 0.286932 0.414394 0.329596 0.457196
1 0.988081 0.375887 0.469375 0.506769 0.570366
1 0.988048 0.728853 0.401760 0.758626 0.430784
1 0.987903 0.374258 0.423531 0.418371 0.459914
1 0.987899 0.015411 0.497196 0.041942 0.523125
1 0.987802 0.654343 0.405333 0.754464 0.505346
1 0.987785 0.297397 0.411503 0.334828 0.440896
1 0.987724 0.457481 0.562335 0.498748 0.603296
1 0.987659 0.450762 0.489876 0.491081 0.528511
1 0.987654 0.287638 0.420292 0.317202 0.450091
1 0.987631 0.578346 0.375771 0.773733 0.539422
1 0.987454 0.386076 0.403544 0.414529 0.427605
1 0.987163 0.797615 0.569160 0.830086 0.596824
1 0.987145 0.028664 0.498547 0.054527 0.521872
1 0.987034 0.378292 0.402827 0.407618 0.428838
1 0.986943 0.291606 0.413644 0.326302 0.438915
1 0.986924 0.380637 0.550659 0.423005 0.592075
1 0.986724 0.919407 0.501534 0.959568 0.537083
1 0.986683 0.735722 0.403244 0.765858 0.429267
1 0.986554 0.113865 0.521436 0.140716 0.540838
