0 0.997050 0.073123 0.085162 0.115206 0.231637
1 0.996373 0.463858 0.382253 0.496632 0.408770
1 0.995607 0.472450 0.382719 0.503505 0.408549
1 0.995169 0.382410 0.419979 0.419262 0.454192
1 0.995099 0.385679 0.421349 0.430596 0.451590
1 0.995018 0.477050 0.414288 0.514963 0.448128
1 0.994401 0.337923 0.394178 0.368062 0.418151
1 0.993921 0.042153 0.488859 0.071224 0.511081
1 0.993750 0.635265 0.581600 0.665655 0.605697
1 0.993744 0.563515 0.380679 0.596979 0.410603
1 0.993664 0.475448 0.418034 0.508125 0.447981
1 0.993644 0.370772 0.394467 0.400420 0.417777
1 0.993631 0.694927 0.578099 0.730404 0.609145
1 0.993479 0.727719 0.391546 0.760336 0.420809
1 0.993434 0.570405 0.382916 0.604764 0.408381
1 0.993387 0.622717 0.577250 0.660247 0.609915
1 0.993269 0.642094 0.408216 0.680184 0.444505
1 0.993214 0.089109 0.487947 0.118403 0.511893
1 0.992998 0.379242 0.544654 0.412590 0.579111
1 0.992862 0.689568 0.578081 0.722894 0.609045
1 0.992774 0.699670 0.393583 0.728427 0.418821
1 0.992725 0.072686 0.483854 0.106491 0.515835
1 0.992712 0.027331 0.488187 0.056253 0.511720
1 0.992627 0.378565 0.395415 0.406380 0.416849
1 0.992411 0.336109 0.393786 0.360932 0.418531
1 0.992322 0.019730 0.489073 0.046584 0.510816
1 0.992143 0.635811 0.411571 0.666893 0.441740
1 0.992065 0.428945 0.482085 0.458822 0.514141
1 0.992021 0.365141 0.395486 0.391357 0.416850
1 0.991861 0.706381 0.394955 0.734930 0.417496
1 0.991737 0.076055 0.483122 0.114374 0.516671
1 0.991696 0.034934 0.487995 0.063041 0.511888
1 0.991671 0.056569 0.484837 0.088822 0.515014
1 0.991556 0.723829 0.392940 0.752237 0.419359
1 0.991528 0.761135 0.569916 0.790202 0.596421
1 0.991489 0.051228 0.488390 0.079030 0.511487
1 0.991231 0.654258 0.403608 0.683306 0.428159
1 0.991217 0.442993 0.482105 0.482583 0.517233
1 0.991171 0.552574 0.383675 0.579755 0.406264
1 0.991161 0.395374 0.542995 0.435353 0.581103
1 0.991147 0.445374 0.379331 0.474234 0.409148
1 0.991129 0.662877 0.418638 0.701444 0.455532
1 0.991123 0.280872 0.404991 0.330770 0.448619
1 0.990928 0.065904 0.485548 0.096187 0.514167
1 0.990923 0.431111 0.482491 0.467477 0.516312
0 0.990922 0.085715 0.000000 0.166882 0.262251
1 0.990685 0.437579 0.482199 0.475727 0.516840
1 0.990580 0.642088 0.404436 0.674433 0.428198
1 0.990520 0.390351 0.544021 0.427922 0.580063
1 0.990455 0.429201 0.485114 0.481440 0.531121
1 0.990427 0.692004 0.393479 0.721017 0.418888
1 0.990401 0.095574 0.488958 0.125791 0.510853
1 0.990381 0.644133 0.582072 0.671842 0.605205
1 0.990379 0.462562 0.384490 0.487464 0.405543
1 0.990286 0.399440 0.539156 0.445895 0.583869
1 0.990264 0.682757 0.580308 0.713313 0.606927
1 0.990153 0.920252 0.501786 0.959343 0.538083
1 0.989885 0.632627 0.413370 0.659029 0.436075
1 0.989847 0.650614 0.581707 0.680217 0.605574
1 0.989666 0.675523 0.580790 0.705282 0.606473
1 0.989631 0.290214 0.411418 0.317119 0.440005
1 0.989505 0.767664 0.568599 0.798822 0.597568
1 0.989480 0.415984 0.481960 0.449771 0.513768
1 0.989425 0.716237 0.396372 0.740346 0.416081
1 0.989370 0.393896 0.355528 0.547984 0.519113
1 0.989283 0.179425 0.422745 0.217279 0.451863
1 0.989282 0.269190 0.413675 0.299025 0.437750
1 0.989269 0.366791 0.341004 0.603122 0.491369
1 0.989255 0.637551 0.419112 0.667113 0.449720
1 0.989166 0.917354 0.504655 0.950448 0.535576
1 0.989024 0.443851 0.378879 0.545345 0.494975
1 0.988899 0.389717 0.516500 0.432959 0.562654
1 0.988829 0.432548 0.483541 0.490932 0.533109
1 0.988772 0.641662 0.406692 0.665482 0.426088
1 0.988708 0.358559 0.396965 0.381799 0.415403
1 0.988687 0.348106 0.395718 0.375830 0.416662
1 0.988636 0.478218 0.384041 0.507189 0.406966
1 0.988567 0.576554 0.360630 0.770440 0.553671
1 0.988437 0.560493 0.381101 0.587948 0.408294
1 0.988365 0.632764 0.415274 0.684156 0.457221
1 0.988285 0.938105 0.503129 0.973341 0.535797
1 0.988283 0.255818 0.413950 0.280961 0.437411
1 0.988223 0.293638 0.406393 0.320016 0.426571
1 0.988150 0.261509 0.413872 0.291069 0.437182
1 0.988139 0.279309 0.511373 0.319900 0.550036
0 0.988128 0.459072 0.144381 0.502895 0.293154
1 0.988097 0.179318 0.428297 0.209881 0.458448
1 0.988084 0.364505 0.414908 0.418549 0.458863
1 0.988069 0.444021 0.387289 0.474642 0.417671
1 0.987841 0.391546 0.526996 0.416462 0.553113
1 0.987634 0.305179 0.407734 0.341461 0.445291
1 0.987564 0.656861 0.403924 0.689821 0.428073
1 0.987493 0.936458 0.124370 0.960853 0.145928
1 0.987482 0.488230 0.382936 0.517327 0.406988
1 0.987256 0.581322 0.372899 0.740183 0.539268
1 0.987224 0.396649 0.356616 0.531047 0.517674
1 0.987165 0.738642 0.421270 0.772443 0.445816
1 0.987079 0.247439 0.414049 0.272161 0.438570
1 0.987063 0.388911 0.464754 0.551689 0.574818
1 0.986837 0.900846 0.506254 0.931588 0.533876
