0 0.998256 0.389035 0.124545 0.450652 0.334207
1 0.997125 0.414324 0.416549 0.453973 0.445883
1 0.994510 0.502461 0.382546 0.534013 0.407962
1 0.994291 0.569886 0.384754 0.684141 0.490100
1 0.993510 0.410521 0.384084 0.438775 0.406545
1 0.992881 0.326516 0.419863 0.366783 0.454593
1 0.992865 0.855010 0.481696 0.897130 0.517067
1 0.992690 0.571527 0.407062 0.595146 0.426055
1 0.992428 0.323759 0.454502 0.489958 0.586156
1 0.992365 0.424558 0.383018 0.455109 0.407371
1 0.992263 0.378566 0.478064 0.435001 0.521867
1 0.992135 0.325667 0.421589 0.357688 0.452017
1 0.991961 0.874995 0.485379 0.909984 0.513766
1 0.991943 0.566667 0.387017 0.661011 0.487702
1 0.991881 0.697197 0.559411 0.727186 0.586064
1 0.991867 0.274453 0.400298 0.306773 0.432008
1 0.991486 0.329393 0.460356 0.462670 0.577560
0 0.991325 0.391917 0.142057 0.437406 0.295480
1 0.991301 0.869456 0.485609 0.900764 0.513445
1 0.991164 0.848732 0.487969 0.878502 0.511341
1 0.991110 0.302290 0.342285 0.541049 0.490219
1 0.991091 0.568775 0.409759 0.600771 0.438856
1 0.991035 0.223675 0.416243 0.263975 0.456019
1 0.991033 0.618357 0.406397 0.665981 0.445868
1 0.991026 0.404702 0.383149 0.429832 0.406450
1 0.990976 0.001716 0.506645 0.032821 0.534412
1 0.990319 0.374111 0.477414 0.426235 0.522466
1 0.990289 0.575474 0.404465 0.603348 0.426651
1 0.990262 0.018921 0.505981 0.049474 0.534854
1 0.990200 0.703805 0.556392 0.738055 0.588780
1 0.990183 0.369979 0.371608 0.490131 0.502869
1 0.990120 0.406342 0.383704 0.445498 0.421253
1 0.990110 0.884207 0.483360 0.919540 0.514875
1 0.990073 0.116839 0.440735 0.145416 0.468746
1 0.990042 0.077851 0.505278 0.112582 0.535698
1 0.989900 0.571127 0.407522 0.606598 0.443225
1 0.989851 0.512538 0.384574 0.539674 0.406161
1 0.989734 0.523566 0.384037 0.549069 0.405665
1 0.989577 0.695250 0.558671 0.721466 0.586251
1 0.989566 0.010594 0.507026 0.040253 0.534075
1 0.989453 0.220432 0.522506 0.267657 0.560413
1 0.989447 0.420727 0.416534 0.454753 0.445562
1 0.989433 0.414662 0.418805 0.443677 0.446025
1 0.989344 0.243665 0.410450 0.280891 0.441832
1 0.989239 0.578222 0.401649 0.615471 0.429668
1 0.989224 0.226552 0.422953 0.254252 0.449664
1 0.989052 0.839657 0.488805 0.868169 0.510881
1 0.988820 0.033535 0.506231 0.063681 0.534245
1 0.988756 0.419314 0.384582 0.443481 0.406030
1 0.988601 0.281566 0.401346 0.314001 0.431455
1 0.988570 0.380183 0.482363 0.448133 0.537348
1 0.988557 0.459744 0.382495 0.488395 0.407207
1 0.988555 0.744531 0.535759 0.792326 0.585786
1 0.988517 0.452915 0.558692 0.487115 0.586813
1 0.988508 0.000000 0.505388 0.026112 0.535365
1 0.988490 0.635399 0.567645 0.667585 0.598440
1 0.988369 0.537185 0.336018 0.757361 0.496225
1 0.988240 0.430874 0.458060 0.468483 0.493682
1 0.988192 0.191959 0.546522 0.224202 0.577835
1 0.988185 0.854796 0.482731 0.888265 0.514166
1 0.988182 0.613813 0.392593 0.642372 0.418237
1 0.988119 0.468577 0.382802 0.494491 0.406210
1 0.987760 0.586490 0.401422 0.622695 0.429800
1 0.987543 0.025667 0.505345 0.055702 0.535366
1 0.987437 0.157255 0.404174 0.310089 0.508335
1 0.987308 0.591682 0.399096 0.632180 0.431748
1 0.987297 0.629385 0.569564 0.659929 0.596862
1 0.987261 0.365939 0.477525 0.418518 0.522295
1 0.987029 0.123323 0.435732 0.151201 0.458902
1 0.986954 0.328163 0.530084 0.357201 0.565661
1 0.986871 0.275564 0.402848 0.298977 0.428294
1 0.986764 0.557046 0.396079 0.638292 0.477716
1 0.986665 0.314003 0.457426 0.449779 0.572342
1 0.986630 0.032390 0.170553 0.080518 0.216297
1 0.986567 0.257401 0.526604 0.284368 0.552785
1 0.986482 0.360727 0.491648 0.399578 0.523645
1 0.986439 0.305122 0.534653 0.360280 0.600995
1 0.986338 0.381335 0.389422 0.411283 0.419038
1 0.986305 0.235512 0.412624 0.272091 0.438861
1 0.986303 0.741463 0.540988 0.781483 0.582331
1 0.986296 0.360954 0.489484 0.409852 0.527935
1 0.986233 0.325939 0.341093 0.495538 0.533160
1 0.986204 0.189770 0.236053 0.214420 0.262607
1 0.986153 0.330450 0.541212 0.376671 0.583474
1 0.986150 0.574177 0.406177 0.619709 0.445799
1 0.985943 0.199561 0.424852 0.230411 0.447559
1 0.985924 0.213516 0.523466 0.256514 0.559234
1 0.985903 0.183375 0.423664 0.209666 0.449040
1 0.985879 0.398921 0.384570 0.434129 0.423175
1 0.985772 0.072900 0.503634 0.104438 0.537131
1 0.985436 0.315769 0.422241 0.362459 0.465639
1 0.985363 0.477871 0.379036 0.513531 0.408759
1 0.985337 0.833352 0.487692 0.861132 0.511933
1 0.985300 0.486927 0.382138 0.517639 0.406319
1 0.985106 0.597260 0.396718 0.685571 0.477452
1 0.985079 0.412798 0.399372 0.451363 0.430039
1 0.985004 0.325882 0.552186 0.366180 0.589426
1 0.984922 0.619580 0.390860 0.649460 0.418609
1 0.984841 0.403007 0.510819 0.448887 0.546389
1 0.984714 0.514709 0.325590 0.720796 0.506690
