1 0.996316 0.324184 0.431189 0.368558 0.461182
1 0.996271 0.119026 0.441686 0.154671 0.474520
1 0.995050 0.231692 0.421700 0.262459 0.452909
1 0.995046 0.441178 0.382913 0.473076 0.408175
0 0.994667 0.388285 0.120597 0.454138 0.338360
1 0.994603 0.583102 0.403861 0.613214 0.428479
1 0.994541 0.307527 0.403876 0.338062 0.429219
0 0.994517 0.002891 0.080311 0.059741 0.270369
1 0.994381 0.323768 0.553913 0.359186 0.590469
1 0.994333 0.373093 0.394237 0.399326 0.417296
1 0.994258 0.464573 0.382201 0.495923 0.408915
1 0.994122 0.426705 0.422627 0.456526 0.449123
1 0.993875 0.281614 0.403433 0.314784 0.429724
1 0.993800 0.380319 0.487530 0.432782 0.532952
0 0.993708 0.379274 0.107460 0.467094 0.351540
1 0.993593 0.586397 0.403538 0.619827 0.429303
1 0.993342 0.650083 0.391706 0.682741 0.420463
1 0.993317 0.456286 0.381066 0.488612 0.409667
1 0.993241 0.391367 0.391956 0.415926 0.417706
1 0.993232 0.302502 0.405568 0.329862 0.427529
1 0.993228 0.370590 0.484090 0.428568 0.536552
1 0.993195 0.577401 0.406250 0.618892 0.447175
1 0.993135 0.499607 0.382526 0.527339 0.407097
1 0.992822 0.643387 0.392143 0.674614 0.419928
1 0.992764 0.315248 0.425990 0.360661 0.465721
1 0.992592 0.664612 0.389330 0.699146 0.422602
1 0.992534 0.391022 0.392028 0.425132 0.419394
1 0.992449 0.654628 0.390485 0.691295 0.421725
1 0.992320 0.245472 0.415263 0.276616 0.438171
1 0.992307 0.029446 0.509500 0.054942 0.531899
1 0.992202 0.471841 0.382456 0.502982 0.408575
1 0.991978 0.637479 0.392201 0.667765 0.419656
1 0.991919 0.324560 0.551986 0.366918 0.592960
1 0.991888 0.316849 0.404200 0.344846 0.428694
1 0.991798 0.447131 0.382263 0.478810 0.408291
1 0.991741 0.208531 0.426053 0.236893 0.448333
1 0.991640 0.032975 0.509626 0.063369 0.531889
1 0.991579 0.500476 0.350735 0.721761 0.562921
1 0.991570 0.566063 0.393092 0.657052 0.481748
1 0.991551 0.574927 0.417323 0.620217 0.455054
1 0.991521 0.576063 0.413087 0.602041 0.438278
1 0.991372 0.436327 0.565284 0.474203 0.600540
1 0.991321 0.408842 0.562943 0.452623 0.602988
1 0.991254 0.420833 0.566059 0.457928 0.599976
1 0.991214 0.362185 0.483037 0.421236 0.537527
1 0.990874 0.593933 0.414568 0.643405 0.459646
1 0.990763 0.438496 0.383849 0.463911 0.406707
1 0.990756 0.232229 0.417030 0.276158 0.457414
1 0.990746 0.428956 0.565921 0.466097 0.600058
1 0.990637 0.473377 0.378992 0.513046 0.411281
1 0.990574 0.441629 0.563688 0.482294 0.600814
1 0.990311 0.597488 0.403393 0.629590 0.428427
1 0.990223 0.672078 0.391562 0.705116 0.420516
1 0.990192 0.626413 0.576028 0.661224 0.609872
1 0.990131 0.330406 0.468460 0.459310 0.572395
1 0.990013 0.284902 0.412373 0.404781 0.500074
1 0.989946 0.323605 0.403831 0.351670 0.428934
1 0.989576 0.363712 0.486309 0.410835 0.533528
1 0.989476 0.323076 0.336962 0.534354 0.495376
1 0.989410 0.631836 0.395956 0.657357 0.416297
1 0.989406 0.326958 0.545623 0.379087 0.597607
1 0.989399 0.326815 0.416993 0.366146 0.457490
1 0.989337 0.201429 0.426582 0.227689 0.448074
1 0.989270 0.119426 0.437829 0.164396 0.478047
1 0.989091 0.016313 0.505271 0.050529 0.536056
1 0.988995 0.728304 0.555722 0.762972 0.588946
1 0.988902 0.344257 0.401122 0.378196 0.431418
1 0.988664 0.719833 0.556859 0.753280 0.588153
1 0.988604 0.394810 0.488989 0.436467 0.529226
1 0.988582 0.401967 0.560574 0.445316 0.604671
1 0.988577 0.568005 0.575846 0.605898 0.610752
1 0.988573 0.195619 0.428243 0.217970 0.446412
1 0.988481 0.585633 0.405771 0.634933 0.446517
0 0.988453 0.031544 0.043980 0.094093 0.260967
1 0.988408 0.682039 0.393901 0.711953 0.417841
1 0.988315 0.241128 0.416802 0.267303 0.436652
1 0.988168 0.585449 0.409150 0.624179 0.443003
1 0.988084 0.102828 0.429608 0.187179 0.528172
1 0.987960 0.331122 0.466165 0.482676 0.574554
1 0.987952 0.578619 0.577965 0.612007 0.608745
1 0.987811 0.597621 0.412537 0.653500 0.459222
1 0.987796 0.415210 0.454159 0.483335 0.512862
1 0.987775 0.450584 0.561532 0.491691 0.602522
1 0.987770 0.379440 0.395717 0.403798 0.416016
1 0.987722 0.161931 0.405765 0.310275 0.506982
1 0.987682 0.526915 0.378502 0.672793 0.530836
1 0.987611 0.406685 0.391112 0.433255 0.415460
1 0.987291 0.497987 0.373658 0.536657 0.414496
1 0.987189 0.318233 0.453573 0.450828 0.584628
1 0.987130 0.596591 0.407369 0.642671 0.445896
1 0.987127 0.000000 0.506931 0.024887 0.534104
1 0.987126 0.328407 0.426261 0.375015 0.461874
1 0.986993 0.902422 0.486653 0.931222 0.511938
1 0.986891 0.005363 0.508085 0.032114 0.532323
1 0.986885 0.063997 0.527876 0.097904 0.555147
1 0.986874 0.044651 0.510967 0.068746 0.530399
1 0.986866 0.895337 0.487752 0.923865 0.511444
1 0.986862 0.812227 0.490999 0.849385 0.527446
1 0.986756 0.623743 0.396757 0.648074 0.415601
1 0.986709 0.580591 0.392328 0.677236 0.482143
