1 0.996400 0.410546 0.383178 0.441532 0.407769
1 0.995775 0.421464 0.414064 0.458600 0.446123
1 0.995554 0.418985 0.382868 0.448675 0.408116
1 0.995457 0.329849 0.418005 0.375683 0.456442
0 0.994244 0.394260 0.130992 0.454529 0.327914
1 0.994242 0.576036 0.409935 0.608860 0.440964
1 0.994036 0.578782 0.407075 0.602883 0.426048
1 0.993883 0.582769 0.382147 0.704775 0.492535
1 0.993275 0.371993 0.482552 0.440845 0.537171
1 0.993017 0.009708 0.498532 0.040756 0.522042
0 0.992935 0.399040 0.143252 0.445900 0.294298
1 0.992663 0.315259 0.456188 0.498445 0.584790
1 0.992352 0.513308 0.384739 0.539038 0.405536
1 0.992019 0.381675 0.478884 0.432546 0.521038
1 0.991997 0.000000 0.498217 0.025571 0.522468
1 0.991864 0.473068 0.382076 0.504770 0.408404
1 0.991850 0.574168 0.384165 0.682326 0.490507
1 0.991805 0.372869 0.477732 0.426718 0.522217
1 0.991684 0.001737 0.497324 0.035193 0.523222
1 0.991679 0.582192 0.403976 0.612001 0.427648
1 0.991642 0.364311 0.481223 0.433959 0.538732
1 0.991614 0.320427 0.461861 0.470829 0.578241
1 0.991440 0.322257 0.414944 0.369951 0.459041
1 0.991414 0.242395 0.410656 0.278815 0.443010
1 0.991275 0.230724 0.414573 0.265588 0.451276
1 0.991180 0.462540 0.560537 0.494203 0.585073
1 0.990914 0.566506 0.391998 0.658697 0.482335
1 0.990875 0.901831 0.486630 0.932523 0.512514
1 0.990801 0.530821 0.383754 0.557573 0.406053
0 0.990555 0.016518 0.100054 0.046790 0.219791
1 0.990366 0.358329 0.363276 0.498329 0.511216
1 0.990308 0.712663 0.559400 0.743411 0.586033
1 0.990204 0.407466 0.385055 0.431770 0.405352
1 0.990018 0.576394 0.407547 0.614618 0.444100
1 0.989900 0.314857 0.343847 0.531643 0.488303
1 0.989673 0.422200 0.417521 0.452006 0.445055
1 0.989614 0.706893 0.558644 0.736448 0.586684
1 0.989576 0.503198 0.381956 0.532422 0.407387
1 0.989530 0.451093 0.556693 0.489553 0.588823
1 0.989442 0.216944 0.415432 0.242315 0.438437
1 0.989372 0.364922 0.477129 0.419743 0.522809
1 0.989239 0.277785 0.396384 0.417276 0.510776
1 0.989182 0.384195 0.483509 0.444764 0.533680
1 0.989073 0.422722 0.383191 0.453141 0.407822
1 0.988933 0.233751 0.412206 0.270097 0.441053
1 0.988914 0.467558 0.382382 0.495323 0.407162
1 0.988900 0.622007 0.393556 0.650604 0.417978
0 0.988849 0.004833 0.106806 0.058029 0.259654
1 0.988750 0.124458 0.434257 0.150924 0.460696
1 0.988745 0.273224 0.553859 0.310469 0.590654
1 0.988731 0.123567 0.432678 0.160047 0.462642
1 0.988701 0.586571 0.402532 0.621809 0.429268
1 0.988678 0.394774 0.481562 0.438913 0.517866
1 0.988480 0.364614 0.478935 0.409937 0.520717
1 0.988251 0.356966 0.480653 0.425631 0.539318
1 0.988194 0.391395 0.379654 0.418815 0.409524
1 0.988106 0.250858 0.408417 0.287675 0.445264
1 0.988058 0.894908 0.487407 0.924017 0.511885
1 0.988006 0.309429 0.395064 0.384112 0.479805
1 0.987982 0.545800 0.332731 0.748744 0.499611
1 0.987738 0.389999 0.387877 0.419486 0.418793
1 0.987550 0.255113 0.404498 0.282890 0.427379
1 0.987492 0.625672 0.402677 0.676311 0.447883
1 0.987230 0.886696 0.486887 0.916997 0.512584
1 0.987081 0.334623 0.343934 0.492557 0.530543
1 0.987078 0.408270 0.509080 0.458581 0.551350
1 0.987043 0.848508 0.486829 0.891739 0.530626
1 0.986852 0.271069 0.538880 0.327574 0.600351
1 0.986817 0.521487 0.384372 0.547170 0.406023
1 0.986761 0.470464 0.450614 0.498085 0.475492
1 0.986761 0.583263 0.406935 0.625925 0.444406
1 0.986712 0.234796 0.414891 0.261528 0.436811
1 0.986567 0.355762 0.484489 0.414614 0.534557
1 0.986331 0.597701 0.398034 0.641043 0.430963
1 0.986184 0.628460 0.392253 0.657087 0.418418
1 0.986181 0.418281 0.455576 0.474835 0.501272
1 0.986061 0.435151 0.381958 0.463890 0.406379
1 0.985900 0.840842 0.487673 0.881941 0.530536
1 0.985851 0.489897 0.380284 0.519502 0.406361
1 0.985833 0.266144 0.555817 0.301693 0.588984
1 0.985772 0.857297 0.484185 0.888490 0.514686
1 0.985598 0.595501 0.401756 0.630415 0.428187
1 0.985561 0.405024 0.399086 0.443013 0.432971
1 0.985559 0.492278 0.380333 0.527291 0.408600
1 0.985467 0.206004 0.437452 0.242685 0.472742
1 0.985462 0.327561 0.450531 0.525018 0.588800
1 0.985260 0.443458 0.554424 0.482807 0.591098
1 0.985066 0.589794 0.399508 0.648068 0.452458
1 0.985002 0.636030 0.390751 0.664770 0.418828
1 0.984870 0.413408 0.400339 0.450594 0.431130
1 0.984724 0.136124 0.284066 0.154268 0.299057
1 0.984703 0.045133 0.172592 0.075333 0.200418
1 0.984601 0.404710 0.547969 0.447451 0.596953
1 0.984600 0.204366 0.421216 0.239586 0.448657
1 0.984599 0.750327 0.529661 0.803277 0.587334
1 0.984548 0.122912 0.436570 0.154631 0.467344
1 0.984411 0.866891 0.483445 0.902162 0.515701
1 0.984284 0.159067 0.391264 0.315543 0.521793
1 0.984253 0.523752 0.376300 0.674006 0.528753
1 0.984246 0.327907 0.543096 0.366514 0.581536
