0 0.997512 0.450127 0.119341 0.514209 0.339664
0 0.996121 0.070750 0.065611 0.120259 0.242884
1 0.995018 0.620844 0.391112 0.757634 0.524908
1 0.994668 0.628103 0.418465 0.661676 0.449720
1 0.994295 0.177406 0.429804 0.217254 0.465560
1 0.993954 0.336372 0.401237 0.369494 0.431423
1 0.993801 0.572594 0.558168 0.606302 0.587075
1 0.993729 0.632548 0.417112 0.655681 0.436256
1 0.993254 0.383479 0.421825 0.418196 0.453000
1 0.993203 0.938076 0.506863 0.971866 0.534172
0 0.993006 0.090847 0.016961 0.159794 0.251685
1 0.992794 0.443178 0.491741 0.481900 0.528286
1 0.992749 0.931646 0.507156 0.962616 0.533801
1 0.992733 0.438847 0.491896 0.474601 0.527514
1 0.992710 0.905647 0.506420 0.941054 0.534689
1 0.992640 0.473865 0.566553 0.512099 0.599697
1 0.992626 0.611851 0.388552 0.746326 0.526179
1 0.992315 0.485681 0.567054 0.520606 0.598714
1 0.992134 0.898961 0.506561 0.932713 0.534586
1 0.992100 0.637161 0.413623 0.668690 0.437936
1 0.992073 0.447064 0.392315 0.471870 0.416820
1 0.991592 0.551189 0.390084 0.582480 0.419152
1 0.991568 0.783620 0.568256 0.816401 0.597760
1 0.991537 0.476063 0.461430 0.534051 0.508061
1 0.991527 0.465208 0.564487 0.506254 0.601478
1 0.991437 0.042620 0.496336 0.071192 0.524105
1 0.991380 0.633085 0.417513 0.673928 0.454963
1 0.991353 0.434023 0.492302 0.465763 0.525891
1 0.991323 0.946307 0.506382 0.981077 0.534294
1 0.991252 0.598297 0.394361 0.723342 0.519888
1 0.991189 0.431697 0.393466 0.461181 0.417989
1 0.991139 0.497447 0.385069 0.524895 0.405730
1 0.991023 0.079183 0.495347 0.111802 0.525043
1 0.990924 0.868041 0.506291 0.901763 0.534709
1 0.990879 0.876056 0.506110 0.909382 0.534859
1 0.990760 0.292748 0.411208 0.334326 0.442385
1 0.990739 0.568736 0.561218 0.595178 0.584032
1 0.990616 0.916793 0.503754 0.951587 0.535801
1 0.990612 0.477849 0.417480 0.512602 0.454808
1 0.990524 0.451176 0.492018 0.490121 0.527108
1 0.990487 0.915334 0.499726 0.961558 0.540154
1 0.990374 0.410862 0.476531 0.503103 0.562332
1 0.990372 0.498617 0.564761 0.536549 0.600203
1 0.990295 0.035520 0.496667 0.063556 0.523464
1 0.990241 0.285667 0.414224 0.320321 0.451684
1 0.990204 0.446217 0.392908 0.477159 0.418879
1 0.990001 0.883827 0.505718 0.917196 0.535208
1 0.989976 0.520732 0.446236 0.557182 0.483846
1 0.989928 0.639787 0.411489 0.679245 0.441293
1 0.989894 0.335371 0.400716 0.361933 0.430159
1 0.989885 0.527182 0.388902 0.567355 0.422960
1 0.989848 0.370496 0.422052 0.427155 0.468569
1 0.989805 0.653187 0.000000 0.680571 0.021067
1 0.989776 0.096595 0.496896 0.125304 0.523245
1 0.989763 0.654513 0.407165 0.752973 0.505832
1 0.989760 0.788448 0.568018 0.822719 0.598084
1 0.989643 0.491201 0.565711 0.528245 0.599836
1 0.989621 0.892708 0.505929 0.924677 0.534998
1 0.989575 0.026254 0.496670 0.055425 0.523701
1 0.989435 0.579210 0.374583 0.775217 0.540603
1 0.989417 0.389848 0.422477 0.427181 0.452005
1 0.989328 0.182985 0.427228 0.226853 0.467639
1 0.989252 0.646046 0.410503 0.685890 0.441992
1 0.989158 0.050922 0.497310 0.078979 0.522903
1 0.989096 0.019557 0.496611 0.047955 0.523768
1 0.988862 0.364510 0.336689 0.608447 0.495960
1 0.988831 0.527884 0.391604 0.557870 0.419300
1 0.988801 0.561155 0.389829 0.589816 0.419401
1 0.988701 0.289751 0.411598 0.326139 0.441444
1 0.988686 0.675676 0.402938 0.705084 0.429031
1 0.988661 0.065828 0.495491 0.094943 0.524163
1 0.988552 0.180836 0.434801 0.205930 0.460211
1 0.988499 0.954010 0.504546 0.988793 0.535738
1 0.988484 0.455784 0.561523 0.499945 0.604081
1 0.988438 0.530168 0.381442 0.558067 0.407802
1 0.988136 0.395905 0.551773 0.435481 0.587845
1 0.988071 0.378265 0.551510 0.422901 0.591288
1 0.988048 0.682577 0.401733 0.712393 0.429512
1 0.987951 0.073663 0.495878 0.102259 0.524197
1 0.987946 0.505169 0.564523 0.543853 0.600797
1 0.987704 0.679835 0.413676 0.730421 0.457612
0 0.987509 0.076020 0.222263 0.113921 0.371214
1 0.987396 0.462435 0.391024 0.487787 0.415532
1 0.987344 0.089729 0.495766 0.117647 0.524207
1 0.987344 0.507561 0.373364 0.546422 0.414829
1 0.987337 0.393475 0.539588 0.440150 0.584798
1 0.987320 0.429478 0.492407 0.457816 0.522878
1 0.987261 0.545089 0.392758 0.570979 0.417405
1 0.987210 0.343762 0.411384 0.469104 0.502732
1 0.987181 0.450307 0.557070 0.492172 0.606105
1 0.987158 0.388541 0.553039 0.428007 0.588057
1 0.987149 0.658628 0.000000 0.687424 0.021738
1 0.987112 0.014466 0.498011 0.040910 0.521992
1 0.986962 0.668764 0.404174 0.696426 0.428227
1 0.986934 0.506199 0.381198 0.532766 0.406792
1 0.986773 0.193274 0.425507 0.222237 0.448166
1 0.986698 0.325362 0.554089 0.365251 0.590748
1 0.986523 0.271059 0.414399 0.297740 0.439370
1 0.986520 0.431259 0.393868 0.452217 0.415641
1 0.986517 0.473445 0.389693 0.504056 0.418496
