1 0.997968 0.475348 0.418612 0.517744 0.452166
0 0.996323 0.073890 0.087943 0.114765 0.228337
1 0.995156 0.387131 0.419127 0.429096 0.455118
1 0.995110 0.290853 0.410057 0.326515 0.443786
1 0.995047 0.633881 0.413885 0.661208 0.438127
1 0.994961 0.591960 0.379051 0.754379 0.536843
1 0.993841 0.383129 0.419763 0.421767 0.453781
1 0.993700 0.641248 0.418028 0.679416 0.454358
1 0.993126 0.906564 0.506940 0.939985 0.534231
1 0.992693 0.644757 0.411211 0.677891 0.441788
1 0.992370 0.632586 0.413166 0.667065 0.439899
1 0.992234 0.477105 0.421441 0.505733 0.447900
1 0.992115 0.588232 0.385097 0.731946 0.528295
1 0.992050 0.916257 0.504107 0.950867 0.536113
1 0.991753 0.307893 0.403062 0.339480 0.428253
1 0.991737 0.530361 0.384331 0.555096 0.405792
1 0.991732 0.270673 0.414887 0.298541 0.438270
0 0.991717 0.457955 0.137960 0.505481 0.299569
1 0.991647 0.900341 0.506630 0.931350 0.534368
1 0.991414 0.626185 0.414500 0.673090 0.457178
1 0.991402 0.532255 0.440775 0.561144 0.470979
1 0.991335 0.613522 0.383510 0.767069 0.531446
1 0.991316 0.551412 0.381135 0.582210 0.407846
1 0.990908 0.649039 0.405458 0.758122 0.506393
1 0.990606 0.432181 0.366071 0.554610 0.508669
1 0.990566 0.474155 0.385040 0.498817 0.405788
1 0.990282 0.917314 0.500322 0.960182 0.539400
1 0.990210 0.568806 0.553808 0.608088 0.590459
1 0.990114 0.638968 0.416676 0.690939 0.457743
1 0.990062 0.357332 0.341046 0.605402 0.491556
1 0.990051 0.181414 0.429194 0.215573 0.461679
1 0.990028 0.431023 0.477896 0.479988 0.521904
1 0.989863 0.485886 0.565868 0.520520 0.598571
1 0.989840 0.436601 0.477260 0.488159 0.522654
1 0.989839 0.877478 0.506738 0.907855 0.533914
1 0.989691 0.386289 0.451428 0.534358 0.587266
1 0.989410 0.681336 0.416380 0.728510 0.454540
1 0.989367 0.884579 0.506087 0.916540 0.534675
1 0.989360 0.647869 0.416304 0.700734 0.458347
1 0.989346 0.659425 0.420104 0.701525 0.454294
1 0.989259 0.565195 0.556842 0.596111 0.587258
1 0.989258 0.466820 0.381914 0.493448 0.407818
1 0.989137 0.938138 0.504765 0.971944 0.535384
1 0.989136 0.533846 0.383264 0.562946 0.406851
0 0.988952 0.087440 0.000000 0.166368 0.260193
1 0.988878 0.650696 0.401936 0.700218 0.449418
1 0.988874 0.660316 0.403506 0.690981 0.427555
1 0.988869 0.505851 0.382930 0.532283 0.406827
1 0.988618 0.511290 0.384262 0.537957 0.406637
1 0.988476 0.588567 0.392930 0.712206 0.512647
0 0.988459 0.449415 0.121758 0.522897 0.337180
1 0.988419 0.651287 0.000000 0.679466 0.021590
1 0.988374 0.630086 0.412129 0.665281 0.449246
1 0.988361 0.394556 0.458299 0.546534 0.581401
1 0.988270 0.568773 0.377604 0.776298 0.537539
1 0.988263 0.491936 0.564581 0.527404 0.599522
1 0.988256 0.521114 0.382780 0.547815 0.407450
1 0.988141 0.893208 0.506560 0.923711 0.533994
1 0.988084 0.380180 0.544058 0.412815 0.579382
1 0.988051 0.303475 0.405670 0.330189 0.426348
1 0.987665 0.238081 0.436181 0.275377 0.478704
1 0.987649 0.476847 0.566380 0.511080 0.598228
1 0.987594 0.073888 0.487026 0.103236 0.512303
1 0.987554 0.646272 0.584229 0.670315 0.603193
1 0.987527 0.555741 0.368689 0.828619 0.546913
1 0.987495 0.290376 0.413199 0.314727 0.439318
1 0.987360 0.768827 0.570256 0.798421 0.595975
1 0.987353 0.482160 0.459898 0.529524 0.497401
1 0.987288 0.293479 0.407339 0.336747 0.446123
1 0.987053 0.665661 0.402388 0.697897 0.427641
1 0.987009 0.698165 0.577311 0.731361 0.609420
1 0.986925 0.257114 0.416582 0.281049 0.436984
1 0.986819 0.251693 0.532681 0.289575 0.570203
1 0.986764 0.348831 0.437301 0.535836 0.598493
1 0.986738 0.184716 0.426376 0.212339 0.447360
1 0.986707 0.414117 0.515670 0.450003 0.544594
1 0.986639 0.444641 0.478687 0.496627 0.521162
1 0.986413 0.403932 0.540487 0.446731 0.582286
1 0.986298 0.382122 0.395851 0.405430 0.416439
1 0.986201 0.494948 0.558432 0.540939 0.604205
0 0.986025 0.078902 0.231099 0.111638 0.359678
1 0.985952 0.558841 0.372551 0.599734 0.417206
1 0.985897 0.493535 0.460645 0.529566 0.491228
1 0.985850 0.868891 0.504774 0.901468 0.535560
1 0.985753 0.649569 0.411758 0.680768 0.440193
1 0.985749 0.261786 0.415121 0.290134 0.438046
1 0.985696 0.390835 0.340549 0.560606 0.533492
1 0.985609 0.443864 0.389215 0.473071 0.418629
1 0.985593 0.938363 0.126999 0.959136 0.143651
1 0.985562 0.425438 0.387131 0.467525 0.423384
1 0.985507 0.619705 0.572589 0.663087 0.614541
1 0.985485 0.776066 0.569307 0.805757 0.596584
1 0.985334 0.647086 0.000000 0.674247 0.021273
1 0.985296 0.634288 0.580619 0.665078 0.606749
1 0.985277 0.559810 0.379307 0.589247 0.409770
1 0.985187 0.530269 0.390305 0.556122 0.415309
1 0.985163 0.249810 0.417158 0.271700 0.436448
1 0.984938 0.930391 0.504418 0.963304 0.535569
1 0.984928 0.468853 0.385746 0.504117 0.420073
1 0.984922 0.422115 0.475982 0.472595 0.523630
