1 0.996487 0.321716 0.428555 0.371161 0.461698
0 0.996362 0.386993 0.116109 0.455513 0.342731
1 0.995693 0.118849 0.440707 0.155471 0.475365
1 0.995674 0.441112 0.382092 0.474119 0.408819
1 0.995276 0.231345 0.421294 0.263069 0.453350
1 0.995147 0.324328 0.553451 0.359566 0.590729
1 0.994823 0.426967 0.422263 0.459936 0.449834
1 0.994813 0.466268 0.383476 0.494997 0.407650
1 0.994461 0.581725 0.403440 0.612936 0.428825
0 0.994029 0.377649 0.103305 0.468935 0.355560
1 0.993906 0.307485 0.403984 0.337746 0.429076
1 0.993866 0.392048 0.392548 0.416051 0.417398
1 0.993858 0.316430 0.423171 0.362662 0.465605
0 0.993721 0.000388 0.074873 0.062251 0.275755
1 0.993615 0.300965 0.404076 0.330207 0.428957
1 0.993526 0.373888 0.486869 0.425943 0.533600
1 0.993460 0.472208 0.383156 0.503068 0.408049
1 0.993413 0.455763 0.381739 0.487541 0.409324
1 0.993271 0.371303 0.393607 0.399085 0.417634
1 0.993200 0.586410 0.403767 0.619941 0.429103
1 0.992917 0.282481 0.404352 0.313656 0.428815
1 0.992606 0.026799 0.508700 0.056593 0.532778
1 0.992484 0.648651 0.390655 0.683002 0.421446
1 0.992451 0.384037 0.489648 0.429376 0.530636
1 0.992357 0.207660 0.425425 0.237272 0.448892
1 0.992289 0.410747 0.563998 0.452127 0.601892
1 0.992236 0.429889 0.566165 0.466249 0.599830
1 0.992192 0.446678 0.381657 0.480156 0.409012
1 0.992148 0.365222 0.485525 0.419422 0.535084
1 0.992093 0.663826 0.389455 0.698699 0.422440
1 0.992055 0.893659 0.486946 0.924704 0.512354
1 0.991953 0.576437 0.407190 0.616701 0.446118
1 0.991904 0.325593 0.417829 0.365071 0.457000
1 0.991855 0.391800 0.393041 0.424240 0.418430
1 0.991801 0.636828 0.391666 0.668167 0.420051
1 0.991783 0.437579 0.384055 0.463364 0.406797
1 0.991781 0.642887 0.390875 0.675054 0.420974
1 0.991579 0.360357 0.486565 0.410064 0.533869
1 0.991444 0.306157 0.457232 0.451727 0.582941
1 0.991318 0.507452 0.356267 0.715794 0.556823
1 0.991306 0.655040 0.389939 0.691120 0.422078
1 0.991141 0.435964 0.565405 0.473778 0.600338
1 0.991087 0.014246 0.504852 0.051289 0.536496
1 0.991060 0.499467 0.382043 0.526660 0.406989
1 0.990950 0.565319 0.393265 0.658516 0.481541
1 0.990925 0.441647 0.563238 0.483163 0.600766
1 0.990837 0.420089 0.566544 0.457273 0.599646
1 0.990630 0.326199 0.469779 0.461000 0.571041
1 0.990580 0.631922 0.395649 0.657712 0.416554
1 0.990528 0.245361 0.415179 0.276964 0.438095
1 0.990488 0.240277 0.416907 0.267023 0.436684
1 0.990486 0.577866 0.413220 0.602417 0.437826
1 0.990351 0.316840 0.404444 0.343687 0.428383
1 0.990212 0.195043 0.427273 0.219097 0.447251
1 0.990089 0.571157 0.415605 0.620443 0.456520
1 0.990007 0.321992 0.336969 0.535338 0.495450
1 0.990001 0.132294 0.437149 0.158948 0.457817
1 0.989948 0.499696 0.374778 0.537058 0.414178
1 0.989914 0.406334 0.390576 0.434718 0.416869
1 0.989803 0.323314 0.552068 0.365830 0.592785
1 0.989790 0.584949 0.409369 0.624248 0.442405
1 0.989788 0.032555 0.509649 0.063211 0.531871
1 0.989767 0.401453 0.561180 0.445368 0.604254
1 0.989748 0.199466 0.425537 0.228159 0.449022
1 0.989657 0.279909 0.403869 0.306240 0.429253
1 0.989613 0.396682 0.490360 0.435830 0.528093
1 0.989602 0.230878 0.416532 0.275898 0.457912
1 0.989392 0.473821 0.380604 0.512222 0.410227
1 0.989338 0.887012 0.487029 0.916991 0.512364
1 0.989309 0.287751 0.413182 0.401999 0.498559
1 0.989136 0.062796 0.527807 0.098232 0.555307
1 0.988976 0.592534 0.413730 0.644342 0.460298
1 0.988879 0.719399 0.557358 0.752481 0.587625
1 0.988794 0.159793 0.404691 0.313112 0.508409
1 0.988728 0.580000 0.407990 0.602760 0.425123
1 0.988692 0.672552 0.391481 0.704778 0.420465
1 0.988656 0.329542 0.545291 0.379673 0.596541
0 0.988549 0.029608 0.039879 0.095989 0.264157
1 0.988342 0.682129 0.393863 0.711850 0.417796
1 0.988281 0.901279 0.486644 0.930970 0.512213
1 0.988072 0.102048 0.428453 0.189613 0.529115
1 0.987915 0.044002 0.509532 0.070836 0.531878
1 0.987855 0.410470 0.381935 0.438940 0.409395
1 0.987798 0.324739 0.404335 0.351655 0.428407
1 0.987767 0.380579 0.396194 0.403147 0.415395
1 0.987728 0.344264 0.401386 0.377636 0.430902
1 0.987726 0.215157 0.425767 0.241147 0.448171
1 0.987712 0.728593 0.555840 0.762652 0.588758
1 0.987677 0.626031 0.575315 0.660904 0.610227
1 0.987649 0.294516 0.405171 0.321553 0.428011
1 0.987606 0.620636 0.576073 0.653741 0.609787
1 0.987511 0.181637 0.447458 0.219045 0.488310
0 0.987297 0.399810 0.145885 0.440716 0.291698
1 0.987126 0.232315 0.414091 0.284936 0.460311
1 0.987125 0.015629 0.506686 0.040633 0.533709
1 0.986851 0.348663 0.485303 0.405112 0.534715
1 0.986775 0.526502 0.379775 0.672282 0.528945
1 0.986714 0.397257 0.555721 0.437877 0.606529
1 0.986635 0.598027 0.403679 0.628688 0.427484
1 0.986621 0.000000 0.507254 0.023909 0.533840
