1 0.995023 0.553444 0.378122 0.595029 0.412511
1 0.994460 0.448119 0.382916 0.478056 0.407924
1 0.994321 0.355435 0.390544 0.387152 0.421317
1 0.994020 0.202847 0.420312 0.240169 0.454021
1 0.994015 0.467948 0.382175 0.494000 0.407808
1 0.993985 0.506977 0.557124 0.544022 0.588285
1 0.993847 0.397851 0.415172 0.442280 0.448933
1 0.993516 0.498106 0.555302 0.537265 0.590001
1 0.993168 0.573722 0.378489 0.608830 0.410274
1 0.992814 0.550001 0.381493 0.580209 0.408953
1 0.992804 0.444067 0.475933 0.497324 0.523806
1 0.992774 0.202056 0.424095 0.228769 0.450169
1 0.992727 0.496457 0.405993 0.538471 0.447412
1 0.992672 0.654509 0.406297 0.678479 0.426308
1 0.992275 0.307059 0.405665 0.342714 0.443156
1 0.992123 0.402443 0.409549 0.443803 0.444492
1 0.991968 0.489493 0.554721 0.529620 0.590465
1 0.991815 0.450732 0.475809 0.504325 0.523970
1 0.991695 0.360659 0.392224 0.391255 0.419871
1 0.991607 0.529801 0.556976 0.566083 0.588346
1 0.991600 0.405900 0.521982 0.436485 0.555424
1 0.991589 0.647583 0.408413 0.684906 0.443650
1 0.991513 0.655590 0.408836 0.693413 0.441823
1 0.991504 0.701452 0.394407 0.729001 0.417755
1 0.991483 0.522727 0.555952 0.559409 0.589259
1 0.991413 0.483842 0.376533 0.522898 0.412052
1 0.991324 0.727799 0.391172 0.760301 0.420899
1 0.991226 0.660375 0.403327 0.691388 0.427559
1 0.991155 0.458542 0.384675 0.484629 0.405585
1 0.990855 0.741711 0.389337 0.777187 0.422434
1 0.990835 0.733937 0.390889 0.768274 0.421216
1 0.990795 0.515593 0.556917 0.551207 0.588212
1 0.990794 0.103429 0.485246 0.135413 0.514321
1 0.990772 0.377431 0.523717 0.439195 0.593600
1 0.990755 0.399606 0.408294 0.437811 0.445220
1 0.990660 0.441919 0.478592 0.486241 0.520858
1 0.990656 0.437118 0.479526 0.480186 0.519442
1 0.990550 0.703168 0.574971 0.740027 0.611371
1 0.990170 0.644944 0.000000 0.672206 0.021186
1 0.990158 0.645739 0.393721 0.733241 0.480770
1 0.990105 0.057816 0.486313 0.086483 0.513198
1 0.990076 0.460858 0.477922 0.510126 0.521593
1 0.989976 0.050240 0.486034 0.079292 0.513494
1 0.989902 0.721698 0.390840 0.752299 0.420884
1 0.989812 0.065978 0.486168 0.094663 0.513452
1 0.989769 0.481471 0.553444 0.522120 0.591619
1 0.989716 0.660341 0.383563 0.781546 0.490114
1 0.989589 0.750827 0.392243 0.782839 0.419907
1 0.989487 0.665064 0.402897 0.699802 0.428864
1 0.989477 0.545569 0.382166 0.571408 0.407777
1 0.989425 0.390087 0.409603 0.454285 0.460135
1 0.989217 0.320240 0.400378 0.358385 0.431794
1 0.989121 0.400382 0.391902 0.430682 0.418773
1 0.989032 0.074694 0.487042 0.102776 0.512337
1 0.988966 0.705254 0.393158 0.735790 0.418908
1 0.988887 0.097027 0.485152 0.126791 0.514075
1 0.988756 0.377611 0.391916 0.406671 0.420008
1 0.988669 0.089028 0.485668 0.117883 0.513480
1 0.988601 0.472063 0.549825 0.515449 0.595080
1 0.988600 0.472092 0.383755 0.500041 0.406670
1 0.988500 0.715268 0.391927 0.745252 0.419565
1 0.988392 0.338093 0.374997 0.508490 0.533568
1 0.988078 0.043115 0.486565 0.070667 0.512988
1 0.988036 0.579311 0.380417 0.615073 0.409585
1 0.987838 0.393726 0.392070 0.422528 0.418865
1 0.987781 0.544583 0.435334 0.580271 0.472320
1 0.987759 0.634504 0.395518 0.715730 0.478794
1 0.987655 0.407892 0.392109 0.439691 0.418407
1 0.987489 0.510260 0.447046 0.550973 0.487573
1 0.987374 0.646842 0.411845 0.676127 0.435277
1 0.987326 0.957516 0.499073 0.984637 0.521308
1 0.987323 0.647141 0.383958 0.766127 0.490525
1 0.987310 0.562657 0.381192 0.595814 0.408104
1 0.987249 0.380039 0.395770 0.464668 0.478560
1 0.987245 0.623341 0.348426 0.842180 0.484011
1 0.987183 0.708507 0.459940 0.741059 0.495820
1 0.987088 0.590959 0.368508 0.761290 0.537516
1 0.987083 0.824303 0.560966 0.852472 0.584211
1 0.987066 0.425215 0.538159 0.468241 0.578912
0 0.986929 0.108807 0.000000 0.192008 0.269591
1 0.986899 0.400349 0.541120 0.438082 0.580120
1 0.986840 0.267386 0.530698 0.303156 0.569999
1 0.986725 0.004999 0.485638 0.032152 0.512385
1 0.986710 0.510561 0.455716 0.549430 0.493235
1 0.986656 0.667332 0.406984 0.711243 0.446236
1 0.986557 0.408099 0.539208 0.454332 0.581518
1 0.986556 0.708387 0.405435 0.751192 0.444152
1 0.986537 0.418538 0.540745 0.460331 0.579283
1 0.986515 0.000000 0.484965 0.023389 0.513866
1 0.986512 0.121407 0.487649 0.148303 0.511483
1 0.986387 0.370562 0.393104 0.399516 0.418855
1 0.986317 0.386580 0.392358 0.415626 0.418936
1 0.986233 0.314365 0.402375 0.350088 0.429315
1 0.986181 0.709725 0.572691 0.748808 0.613587
1 0.985928 0.694784 0.396721 0.719087 0.415497
1 0.985911 0.036904 0.487300 0.063725 0.511752
1 0.985894 0.433707 0.461239 0.482288 0.509589
1 0.985888 0.830538 0.556738 0.863559 0.587444
1 0.985876 0.416366 0.389885 0.448738 0.419324
1 0.985803 0.287274 0.404082 0.313877 0.428600
