1 0.995826 0.398126 0.429425 0.448370 0.463130
1 0.994449 0.397185 0.426271 0.439781 0.464436
1 0.994391 0.467551 0.392221 0.494467 0.418676
1 0.994159 0.469689 0.392896 0.503323 0.418868
1 0.993999 0.309484 0.421069 0.342835 0.452877
1 0.993931 0.517230 0.569226 0.550576 0.597077
1 0.993886 0.505850 0.567047 0.543885 0.599338
1 0.993725 0.493950 0.412355 0.542706 0.462112
1 0.993495 0.650870 0.418855 0.685205 0.452250
1 0.993487 0.378230 0.404483 0.407184 0.428557
1 0.993351 0.371346 0.404791 0.400208 0.428365
1 0.993344 0.930005 0.507099 0.963538 0.534076
1 0.993231 0.651070 0.390108 0.793643 0.524550
1 0.992978 0.361471 0.403867 0.391795 0.429179
1 0.992884 0.552859 0.389906 0.591185 0.421824
1 0.992844 0.571972 0.387611 0.609952 0.422471
1 0.992663 0.358281 0.403472 0.386492 0.429345
1 0.992592 0.939479 0.504593 0.974660 0.535765
1 0.992426 0.386653 0.404361 0.414875 0.428615
0 0.992181 0.467941 0.129603 0.536592 0.330265
1 0.992164 0.655436 0.416929 0.678664 0.436041
1 0.992163 0.511105 0.467323 0.549362 0.505652
1 0.992004 0.524037 0.567917 0.558766 0.598215
1 0.991863 0.551521 0.391370 0.580283 0.419357
1 0.991726 0.485051 0.390142 0.521462 0.420155
1 0.991682 0.449397 0.484629 0.507043 0.535822
1 0.991590 0.924047 0.506743 0.954971 0.534275
1 0.991499 0.530108 0.567301 0.566289 0.598899
1 0.991433 0.306906 0.522776 0.353292 0.560256
1 0.991351 0.953107 0.505268 0.987238 0.535443
1 0.991275 0.656116 0.419799 0.692937 0.452843
1 0.991153 0.410754 0.463177 0.537538 0.577340
1 0.991040 0.399420 0.553671 0.434576 0.590667
1 0.990983 0.410570 0.459815 0.561728 0.581080
1 0.990767 0.621302 0.390946 0.759770 0.522806
1 0.990751 0.497296 0.564183 0.537748 0.602014
1 0.990638 0.317836 0.417391 0.356848 0.456339
1 0.990455 0.899362 0.505854 0.932647 0.535076
1 0.990448 0.450738 0.394707 0.476103 0.416430
1 0.990423 0.675822 0.000000 0.704174 0.021537
1 0.990420 0.663719 0.411863 0.703039 0.440595
1 0.990420 0.402923 0.417533 0.444418 0.457265
1 0.990399 0.962608 0.506106 0.995062 0.534509
1 0.990366 0.659931 0.413648 0.690476 0.436753
1 0.990236 0.485821 0.392857 0.510232 0.415761
1 0.990159 0.490593 0.565432 0.529205 0.600703
1 0.990035 0.644697 0.392681 0.771107 0.521592
1 0.989877 0.563786 0.392373 0.595596 0.418044
1 0.989796 0.698869 0.402796 0.729411 0.429584
1 0.989755 0.891061 0.505281 0.925171 0.535611
1 0.989584 0.907329 0.505938 0.939944 0.535026
1 0.989503 0.577818 0.388710 0.616784 0.422016
1 0.989488 0.395116 0.403836 0.422509 0.428870
1 0.989433 0.454864 0.482716 0.515180 0.537877
1 0.989417 0.442119 0.484876 0.499290 0.535437
1 0.989408 0.401949 0.404004 0.429829 0.428743
1 0.989400 0.269118 0.424091 0.296518 0.449022
1 0.988971 0.622595 0.403341 0.729235 0.509188
1 0.988958 0.814594 0.570205 0.844226 0.595884
1 0.988924 0.308896 0.416922 0.350342 0.456937
1 0.988924 0.441668 0.487476 0.488237 0.532071
1 0.988909 0.101760 0.493324 0.137935 0.526993
1 0.988885 0.398887 0.545172 0.450287 0.597712
1 0.988728 0.409273 0.403856 0.438872 0.428555
1 0.988679 0.113733 0.498599 0.139961 0.521760
1 0.988666 0.006195 0.497998 0.033165 0.522124
1 0.988601 0.498147 0.391535 0.524033 0.417086
1 0.988423 0.354213 0.000000 0.383399 0.021405
1 0.988182 0.600771 0.370468 0.810085 0.544807
1 0.988120 0.203623 0.433546 0.240790 0.461869
1 0.988045 0.203187 0.438694 0.232633 0.468620
1 0.988039 0.285111 0.425035 0.316168 0.447762
1 0.987951 0.417653 0.402108 0.447546 0.429431
1 0.987938 0.298990 0.524459 0.343204 0.558468
1 0.987935 0.058131 0.495067 0.088841 0.525016
1 0.987912 0.809066 0.570620 0.837868 0.595596
1 0.987909 0.466286 0.484899 0.520799 0.535311
1 0.987817 0.401058 0.458583 0.523479 0.580143
1 0.987713 0.401783 0.340966 0.624815 0.491389
1 0.987671 0.370457 0.415329 0.474597 0.496821
1 0.987554 0.327049 0.417558 0.364532 0.454870
1 0.987549 0.121223 0.499527 0.148209 0.520962
1 0.987546 0.942058 0.500786 0.983576 0.538806
1 0.987535 0.276864 0.424409 0.305787 0.447913
1 0.987423 0.916604 0.506937 0.946619 0.533892
1 0.987396 0.347454 0.402802 0.373736 0.429346
1 0.987303 0.068310 0.500134 0.092667 0.520372
1 0.987302 0.312493 0.417458 0.335442 0.435863
1 0.987256 0.484886 0.567361 0.520133 0.598773
0 0.987222 0.109602 0.005569 0.191224 0.289426
1 0.987186 0.512383 0.457941 0.549673 0.494624
1 0.987139 0.373299 0.534955 0.439724 0.606214
0 0.987118 0.472001 0.145003 0.526570 0.315485
1 0.986899 0.592738 0.555464 0.631046 0.589730
1 0.986854 0.050568 0.495841 0.080428 0.524540
1 0.986718 0.968287 0.505519 1.000000 0.534648
1 0.986527 0.721803 0.400363 0.751775 0.430658
1 0.986244 0.703895 0.411999 0.755044 0.458895
1 0.986238 0.402920 0.527866 0.439025 0.570268
1 0.986210 0.705868 0.402604 0.734951 0.429106
