0 0.997776 0.080398 0.073245 0.139277 0.243101
1 0.996776 0.497469 0.409604 0.531692 0.440076
1 0.995000 0.516552 0.368384 0.553958 0.401200
1 0.994857 0.400156 0.408444 0.440435 0.444933
1 0.994841 0.403015 0.408420 0.445766 0.445328
1 0.994636 0.306962 0.400615 0.340692 0.432434
1 0.994366 0.635613 0.382753 0.772546 0.492100
1 0.994065 0.930348 0.495628 0.966167 0.524430
1 0.994006 0.487522 0.406876 0.543820 0.445179
1 0.993833 0.921901 0.496923 0.955846 0.523578
1 0.993787 0.652851 0.403867 0.684170 0.427854
1 0.993689 0.640325 0.389273 0.741923 0.485546
1 0.993674 0.313508 0.399800 0.348712 0.433258
1 0.993649 0.650265 0.406281 0.673602 0.425798
1 0.993285 0.541110 0.371647 0.572937 0.398501
1 0.993021 0.645340 0.406022 0.680530 0.438777
1 0.992814 0.961251 0.496418 0.995002 0.523799
1 0.992768 0.917078 0.496521 0.948422 0.523870
1 0.992587 0.664268 0.400239 0.702264 0.432252
1 0.991877 0.314765 0.395342 0.361726 0.437715
1 0.991819 0.941473 0.492432 0.982521 0.527063
1 0.991813 0.582810 0.546950 0.612885 0.576773
1 0.991562 0.585543 0.546591 0.620803 0.577615
1 0.991560 0.648999 0.405196 0.691203 0.444414
1 0.991368 0.452985 0.482179 0.492336 0.514030
1 0.991355 0.409467 0.513503 0.444073 0.546659
1 0.991262 0.499375 0.553332 0.536881 0.590812
1 0.991140 0.454642 0.480748 0.501599 0.517161
1 0.991088 0.195206 0.419195 0.229881 0.453655
1 0.991021 0.899410 0.495395 0.932960 0.524904
1 0.990840 0.507390 0.554875 0.543243 0.589549
1 0.990757 0.492467 0.411164 0.521408 0.438586
1 0.990661 0.545225 0.380228 0.576550 0.408917
1 0.990600 0.436051 0.361072 0.567917 0.471024
1 0.990493 0.512968 0.552750 0.553409 0.589981
1 0.990474 0.807595 0.559911 0.837189 0.585422
1 0.990467 0.907636 0.496406 0.939678 0.523968
1 0.990423 0.954852 0.496189 0.986562 0.523800
1 0.990364 0.197465 0.415861 0.241661 0.456456
0 0.990292 0.108047 0.000000 0.183623 0.259837
1 0.990188 0.893101 0.495668 0.925611 0.524402
1 0.990051 0.443805 0.466672 0.498103 0.512217
1 0.990003 0.457917 0.379312 0.490914 0.409067
1 0.989997 0.683921 0.393688 0.713651 0.417628
1 0.989927 0.635588 0.392820 0.719441 0.481385
1 0.989883 0.436017 0.465572 0.489595 0.513286
1 0.989805 0.662610 0.405370 0.714052 0.448347
1 0.989658 0.649660 0.405180 0.696464 0.447058
1 0.989631 0.691402 0.391815 0.721342 0.418276
1 0.989362 0.970384 0.495725 1.000000 0.523855
1 0.989227 0.591196 0.351920 0.819754 0.480783
1 0.989172 0.489199 0.371261 0.518066 0.398948
1 0.989157 0.548510 0.372664 0.578594 0.397048
1 0.989053 0.660614 0.406304 0.705428 0.446305
0 0.988884 0.473404 0.128531 0.524283 0.288162
1 0.988878 0.695109 0.405777 0.744252 0.446969
1 0.988861 0.674963 0.392889 0.766524 0.481628
1 0.988755 0.938067 0.491056 0.975807 0.527377
1 0.988747 0.304874 0.405086 0.342214 0.442099
1 0.988523 0.288215 0.406321 0.313170 0.426364
1 0.988163 0.374715 0.398931 0.452714 0.474882
1 0.988102 0.118025 0.163942 0.156953 0.203783
1 0.987968 0.524722 0.371992 0.555754 0.397898
1 0.987837 0.653401 0.400110 0.694377 0.431591
1 0.987793 0.696627 0.409751 0.733090 0.443069
1 0.987727 0.639194 0.000000 0.664676 0.020577
1 0.987498 0.431254 0.506021 0.463305 0.533730
1 0.987367 0.696848 0.390635 0.728674 0.418817
1 0.987335 0.273757 0.384351 0.390982 0.489466
1 0.987307 0.628031 0.347654 0.837289 0.484467
0 0.987137 0.095953 0.087280 0.125396 0.194137
1 0.986937 0.465776 0.380102 0.494095 0.407833
1 0.986774 0.536772 0.370515 0.565072 0.398250
1 0.986587 0.482032 0.553188 0.521550 0.590778
1 0.986583 0.235843 0.328189 0.439279 0.503599
1 0.986547 0.395917 0.411691 0.423789 0.438857
1 0.986528 0.543336 0.000000 0.570098 0.022225
1 0.986399 0.801246 0.560205 0.829910 0.585181
1 0.986092 0.640157 0.414539 0.684087 0.456671
0 0.985874 0.093433 0.220106 0.133431 0.364707
1 0.985870 0.448249 0.481650 0.483851 0.512080
1 0.985827 0.274321 0.408459 0.295309 0.424580
1 0.985797 0.370390 0.332731 0.637263 0.499585
1 0.985769 0.491600 0.554425 0.527748 0.589742
1 0.985617 0.518375 0.548385 0.562919 0.594634
1 0.985437 0.446246 0.380979 0.479012 0.408149
1 0.985362 0.395842 0.344175 0.581578 0.486599
1 0.985230 0.485032 0.374159 0.523991 0.413981
1 0.985200 0.325750 0.393001 0.354856 0.416702
1 0.984877 0.634743 0.559048 0.680313 0.607040
1 0.984473 0.637081 0.391820 0.695123 0.441464
1 0.984434 0.307682 0.404710 0.329479 0.426501
1 0.984419 0.425074 0.441887 0.527290 0.557677
1 0.984308 0.703742 0.390516 0.736306 0.419037
1 0.984195 0.404687 0.389006 0.443863 0.420800
1 0.984193 0.334512 0.509390 0.374189 0.550406
1 0.984091 0.670691 0.406461 0.723056 0.447459
1 0.983927 0.888572 0.495736 0.914421 0.523609
1 0.983810 0.707097 0.566415 0.748971 0.613328
1 0.983800 0.355603 0.321982 0.565886 0.506127
