1 0.995266 0.596620 0.346088 0.818518 0.486811
1 0.995122 0.499256 0.398378 0.542177 0.430995
1 0.995055 0.310058 0.390691 0.340401 0.421343
1 0.994932 0.519825 0.361443 0.551440 0.387911
1 0.994802 0.498934 0.400220 0.529941 0.429520
1 0.994364 0.401355 0.397581 0.444297 0.435047
1 0.993990 0.043452 0.465694 0.073433 0.492368
1 0.993455 0.733215 0.380773 0.769438 0.410714
1 0.993201 0.727768 0.380885 0.760993 0.410479
1 0.993049 0.399458 0.396760 0.441346 0.434457
1 0.992922 0.742940 0.380593 0.776780 0.410590
1 0.992888 0.460275 0.472572 0.498427 0.503055
0 0.992762 0.473560 0.109595 0.537226 0.307609
1 0.992624 0.623602 0.374610 0.754486 0.498533
1 0.992613 0.610513 0.346771 0.848023 0.485844
1 0.992577 0.064484 0.465939 0.096628 0.492228
1 0.992384 0.540777 0.360407 0.573624 0.388732
1 0.992380 0.110932 0.467291 0.142149 0.490835
1 0.992377 0.087504 0.465682 0.119949 0.492327
1 0.992369 0.545230 0.424713 0.579373 0.460936
1 0.992368 0.751871 0.384135 0.781493 0.407379
1 0.992253 0.720549 0.381106 0.752591 0.410128
1 0.992176 0.325122 0.383459 0.354493 0.407216
1 0.992147 0.102366 0.465199 0.136305 0.492881
1 0.992146 0.444197 0.456292 0.497366 0.501785
1 0.991861 0.654429 0.396226 0.678100 0.415440
1 0.991790 0.284217 0.392586 0.315109 0.418406
1 0.991751 0.516279 0.364209 0.540899 0.385064
1 0.991648 0.454328 0.472630 0.490606 0.501256
1 0.991593 0.462159 0.469952 0.509209 0.507183
0 0.991440 0.048806 0.000000 0.173698 0.343673
1 0.991270 0.096276 0.464518 0.128826 0.493383
1 0.991241 0.587897 0.370731 0.620623 0.399410
1 0.991186 0.702203 0.384724 0.728574 0.406690
1 0.991142 0.589317 0.539088 0.619138 0.564589
1 0.991097 0.648061 0.397804 0.684876 0.432665
1 0.991033 0.702813 0.564137 0.740398 0.601268
1 0.990975 0.049993 0.465796 0.080386 0.492238
1 0.990946 0.583819 0.368263 0.614853 0.399781
1 0.990935 0.714148 0.381638 0.745321 0.409483
0 0.990902 0.046904 0.163033 0.109776 0.389749
1 0.990898 0.617198 0.378390 0.733865 0.493772
1 0.990867 0.074249 0.466916 0.103215 0.491050
1 0.990802 0.487791 0.360960 0.519046 0.388511
1 0.990720 0.657376 0.399007 0.693038 0.430268
1 0.990560 0.662923 0.391592 0.701065 0.419472
1 0.990530 0.506639 0.544115 0.545204 0.580042
1 0.990423 0.277624 0.392099 0.307105 0.418873
1 0.990347 0.661288 0.392824 0.691349 0.416688
1 0.990337 0.249905 0.355594 0.418841 0.475851
1 0.990314 0.501007 0.545430 0.535972 0.578703
1 0.990096 0.201286 0.406536 0.233574 0.439992
1 0.989925 0.437158 0.454751 0.489439 0.503150
1 0.989787 0.663775 0.376417 0.779642 0.496791
1 0.989749 0.037365 0.466724 0.064580 0.491152
1 0.989703 0.055900 0.465182 0.088075 0.492844
1 0.989681 0.536236 0.358247 0.566774 0.389208
1 0.989681 0.080098 0.464723 0.112125 0.493137
1 0.989626 0.594528 0.534555 0.630804 0.568442
1 0.989527 0.512380 0.543062 0.552512 0.580238
1 0.989481 0.310742 0.386953 0.352066 0.424878
1 0.989468 0.705855 0.383144 0.735478 0.408174
1 0.989160 0.270871 0.393045 0.297933 0.418311
1 0.989020 0.938300 0.490471 0.976055 0.527480
1 0.988975 0.455165 0.457096 0.504321 0.500853
1 0.988799 0.519566 0.540799 0.562131 0.582017
1 0.988769 0.526510 0.362860 0.554491 0.386179
1 0.988525 0.329032 0.383097 0.361960 0.407190
1 0.988513 0.941554 0.488415 0.984609 0.529477
1 0.988494 0.928353 0.492809 0.965897 0.526395
1 0.988285 0.786074 0.000000 0.814581 0.020978
1 0.988174 0.772061 0.558574 0.798710 0.586528
1 0.988070 0.576162 0.368218 0.603302 0.396496
1 0.988059 0.121345 0.468414 0.147714 0.489630
1 0.987983 0.494949 0.361544 0.524620 0.387923
1 0.987904 0.468361 0.370507 0.494029 0.396070
1 0.987695 0.456081 0.370469 0.488128 0.397928
0 0.987635 0.056868 0.059139 0.100402 0.225044
1 0.987497 0.632316 0.366409 0.781701 0.506360
1 0.987392 0.527692 0.542494 0.567909 0.580990
1 0.987318 0.549990 0.368127 0.592184 0.401720
1 0.987248 0.777166 0.556859 0.809008 0.587909
1 0.986938 0.291762 0.393106 0.320590 0.417659
1 0.986893 0.420018 0.313802 0.598117 0.518934
1 0.986773 0.482458 0.542290 0.521726 0.580931
1 0.986626 0.492807 0.546230 0.526076 0.577913
1 0.986612 0.710474 0.395526 0.750410 0.434314
1 0.986593 0.128631 0.141353 0.172709 0.184417
1 0.986570 0.203227 0.405287 0.227615 0.426844
1 0.986551 0.519890 0.000000 0.545617 0.021621
1 0.986506 0.266524 0.513923 0.299970 0.546846
1 0.986292 0.547837 0.371011 0.574038 0.395614
1 0.986269 0.202600 0.402697 0.239859 0.429956
1 0.986154 0.920836 0.491554 0.958023 0.527196
1 0.986141 0.576415 0.352407 0.774349 0.479653
1 0.986081 0.708808 0.561543 0.749214 0.604049
1 0.986035 0.708981 0.449794 0.740886 0.485111
1 0.985954 0.143169 0.487746 0.173258 0.512058
1 0.985951 0.258001 0.415983 0.297528 0.457379
1 0.985949 0.450642 0.472315 0.481854 0.498341
