0 0.997829 0.005377 0.078928 0.057822 0.239783
1 0.996267 0.120244 0.419316 0.156325 0.455067
1 0.995272 0.471071 0.370221 0.505840 0.399843
1 0.994241 0.557428 0.387227 0.665181 0.487567
1 0.994052 0.328896 0.410579 0.367558 0.442835
1 0.993971 0.382228 0.483121 0.419696 0.515725
1 0.993500 0.578337 0.405153 0.602170 0.426528
1 0.993394 0.453311 0.369248 0.490132 0.400911
1 0.993349 0.567139 0.386811 0.684926 0.487985
1 0.993268 0.428745 0.411622 0.457059 0.437202
1 0.993252 0.389202 0.482992 0.426600 0.515775
1 0.992692 0.575657 0.404698 0.620589 0.446467
1 0.992661 0.442550 0.374143 0.470364 0.395901
1 0.992576 0.512588 0.547728 0.541775 0.576143
1 0.992393 0.514872 0.545991 0.551139 0.578189
1 0.992377 0.373695 0.483417 0.411070 0.515522
1 0.992342 0.243230 0.399330 0.278838 0.433718
0 0.992140 0.016626 0.083876 0.048566 0.195707
1 0.992131 0.332973 0.409040 0.375310 0.444639
1 0.991982 0.430357 0.555847 0.466068 0.589187
1 0.991694 0.580862 0.401909 0.615050 0.429588
1 0.991545 0.595228 0.390198 0.693448 0.484397
1 0.991382 0.447928 0.370634 0.479601 0.398725
1 0.991373 0.234407 0.401580 0.269832 0.431229
1 0.991150 0.584104 0.400179 0.623726 0.432453
1 0.990898 0.228166 0.404617 0.264783 0.442950
1 0.990806 0.201938 0.405414 0.227307 0.427763
1 0.990667 0.573186 0.000000 0.602768 0.021885
1 0.990570 0.248172 0.395965 0.289932 0.437028
1 0.990480 0.441161 0.551495 0.483513 0.591511
1 0.990406 0.388980 0.378717 0.418954 0.408477
1 0.990377 0.369569 0.484641 0.401871 0.513721
1 0.990071 0.435486 0.554730 0.473617 0.590108
1 0.990063 0.837719 0.495272 0.869319 0.524487
1 0.990056 0.299369 0.395436 0.392784 0.479053
1 0.990046 0.843759 0.495371 0.877606 0.524656
1 0.990032 0.853192 0.493260 0.887925 0.525794
1 0.990010 0.594119 0.401177 0.630063 0.431032
1 0.989978 0.586032 0.405069 0.635411 0.448071
1 0.989890 0.016256 0.483272 0.050672 0.515701
1 0.989855 0.812330 0.493459 0.847106 0.526232
1 0.989712 0.356796 0.481963 0.397400 0.516605
1 0.989707 0.253151 0.393313 0.283688 0.417849
1 0.989483 0.165434 0.336886 0.384826 0.495473
1 0.989382 0.326113 0.345290 0.520154 0.485856
1 0.989149 0.232791 0.403992 0.260628 0.426507
1 0.989130 0.417795 0.372002 0.446972 0.398404
1 0.989061 0.012304 0.484735 0.040804 0.513764
1 0.988967 0.412119 0.373051 0.438367 0.397228
1 0.988951 0.641927 0.567517 0.675159 0.598694
1 0.988916 0.856583 0.488400 0.897555 0.529541
1 0.988753 0.375255 0.379333 0.410329 0.410060
1 0.988672 0.464047 0.370187 0.494832 0.398829
1 0.988628 0.876574 0.494475 0.908876 0.524386
1 0.988626 0.421284 0.556202 0.456604 0.588896
1 0.988455 0.588686 0.571500 0.617531 0.595066
1 0.988404 0.613661 0.393504 0.642332 0.417407
1 0.988402 0.575086 0.406750 0.606124 0.436603
1 0.988388 0.536216 0.337002 0.749527 0.495309
1 0.988357 0.394228 0.480421 0.436713 0.517583
1 0.988281 0.207764 0.405887 0.235132 0.427220
1 0.988279 0.121537 0.417239 0.163451 0.457013
1 0.988184 0.331308 0.530157 0.377213 0.573680
1 0.988173 0.271670 0.543105 0.309770 0.580651
1 0.988149 0.412439 0.553111 0.451372 0.591209
1 0.988100 0.593034 0.405712 0.644115 0.448098
1 0.988098 0.323372 0.410800 0.352806 0.441126
1 0.987978 0.567709 0.000000 0.594542 0.021145
1 0.987935 0.714053 0.559517 0.743407 0.585797
1 0.987931 0.025594 0.484592 0.056211 0.514198
1 0.987913 0.082340 0.486927 0.109412 0.512751
1 0.987647 0.216503 0.406200 0.240452 0.426691
1 0.987486 0.048409 0.486024 0.079345 0.512580
1 0.987168 0.478735 0.373557 0.507913 0.395907
1 0.986960 0.620893 0.391694 0.649952 0.417828
1 0.986896 0.281345 0.389329 0.315317 0.421618
1 0.986812 0.502542 0.376622 0.534799 0.409879
1 0.986783 0.705435 0.558688 0.735877 0.586779
1 0.986666 0.625942 0.405303 0.674470 0.444665
1 0.986657 0.450589 0.550987 0.491156 0.592326
1 0.986575 0.000000 0.484219 0.024611 0.514515
1 0.986536 0.066308 0.507980 0.095943 0.533057
1 0.986480 0.507767 0.327004 0.723924 0.505468
1 0.986322 0.420900 0.409336 0.451040 0.440038
1 0.986220 0.575193 0.563775 0.614508 0.602629
1 0.986131 0.629274 0.569550 0.658927 0.596902
1 0.986091 0.426208 0.408999 0.464626 0.438609
1 0.986046 0.720087 0.557525 0.752226 0.587304
1 0.986026 0.132627 0.270049 0.156201 0.291572
1 0.986003 0.821434 0.494138 0.854070 0.525447
1 0.985964 0.299293 0.376905 0.406681 0.499153
1 0.985943 0.620234 0.405581 0.666538 0.447301
1 0.985883 0.043697 0.486308 0.070394 0.512144
1 0.985834 0.581582 0.405647 0.625078 0.446416
1 0.985785 0.490459 0.375191 0.528852 0.410824
1 0.985722 0.106608 0.407674 0.187971 0.507620
1 0.985684 0.608070 0.394780 0.633790 0.416708
1 0.985570 0.088675 0.388121 0.218298 0.523851
1 0.985511 0.635839 0.568574 0.666555 0.597526
1 0.985502 0.267077 0.544120 0.302509 0.579153
