0 0.995823 0.472436 0.103692 0.537062 0.313741
1 0.994327 0.507570 0.546810 0.543877 0.577757
1 0.994109 0.549292 0.366434 0.594050 0.403402
1 0.993993 0.609702 0.348083 0.811237 0.484693
1 0.993360 0.723128 0.384389 0.751119 0.407165
1 0.993355 0.573995 0.369099 0.608883 0.400212
1 0.993125 0.624642 0.378093 0.754239 0.496314
1 0.993119 0.491177 0.392931 0.541708 0.439835
1 0.993107 0.730920 0.385172 0.758769 0.406406
1 0.993078 0.658904 0.392432 0.690718 0.418492
1 0.992894 0.496335 0.543831 0.538020 0.580676
1 0.992815 0.529808 0.546596 0.566183 0.578009
1 0.992726 0.657046 0.396958 0.681669 0.415244
1 0.992542 0.450463 0.373332 0.475896 0.396215
1 0.992491 0.203067 0.410607 0.230950 0.439791
1 0.992318 0.489215 0.543180 0.530514 0.581148
1 0.992300 0.655203 0.401733 0.684272 0.429464
1 0.992299 0.470058 0.371664 0.493735 0.396314
1 0.992239 0.777134 0.558575 0.807211 0.586769
1 0.992044 0.551665 0.370638 0.580188 0.398265
1 0.992042 0.700145 0.384903 0.727463 0.406681
1 0.992003 0.752481 0.384006 0.781662 0.407570
1 0.991990 0.712444 0.568056 0.744453 0.598218
1 0.991974 0.401838 0.400268 0.444843 0.432890
1 0.991828 0.704710 0.567751 0.737221 0.598519
1 0.991803 0.468307 0.371318 0.502908 0.398591
1 0.991672 0.321719 0.389146 0.356766 0.422970
1 0.991483 0.515966 0.546393 0.551533 0.577963
1 0.991472 0.313168 0.391347 0.347056 0.420650
1 0.991457 0.663188 0.392318 0.699314 0.419636
1 0.991154 0.522318 0.545982 0.559165 0.578487
1 0.991139 0.738928 0.385367 0.765637 0.406195
1 0.991133 0.402110 0.399518 0.434866 0.432419
1 0.990889 0.306806 0.394367 0.343259 0.431996
1 0.990889 0.311214 0.392869 0.339260 0.417161
1 0.990867 0.566057 0.371269 0.596439 0.397386
1 0.990806 0.782417 0.559094 0.813581 0.586374
1 0.990762 0.383056 0.378089 0.477834 0.476914
1 0.990601 0.238245 0.348239 0.426993 0.483941
1 0.990477 0.544709 0.370394 0.571774 0.398488
1 0.990450 0.665224 0.399729 0.701614 0.430679
1 0.990348 0.941314 0.490086 0.982760 0.528772
1 0.990340 0.197617 0.407045 0.240461 0.445092
1 0.990174 0.458914 0.469340 0.498942 0.508783
1 0.989999 0.940332 0.492914 0.973873 0.526093
1 0.989914 0.464788 0.469728 0.506732 0.508576
1 0.989815 0.000000 0.468787 0.021138 0.489348
1 0.989633 0.671974 0.404548 0.721005 0.448780
1 0.989632 0.405823 0.509649 0.436172 0.544856
1 0.989590 0.616123 0.346889 0.844393 0.485456
1 0.989586 0.643235 0.380101 0.766515 0.494341
1 0.989503 0.005078 0.468003 0.031768 0.489863
1 0.989466 0.672348 0.568021 0.705106 0.598215
1 0.989379 0.454138 0.469309 0.491102 0.507969
1 0.989369 0.579065 0.370013 0.613711 0.399504
1 0.989309 0.331612 0.383233 0.361348 0.407265
1 0.989278 0.342839 0.524335 0.394341 0.576215
1 0.989123 0.653030 0.396957 0.692999 0.435579
1 0.988982 0.411052 0.530993 0.452212 0.567944
1 0.988830 0.745857 0.383147 0.774574 0.408251
1 0.988820 0.359204 0.379251 0.392967 0.411521
1 0.988708 0.717198 0.385045 0.743066 0.406440
1 0.988675 0.510253 0.447409 0.547366 0.482940
1 0.988629 0.697259 0.567963 0.729447 0.598365
1 0.988616 0.481474 0.542284 0.522291 0.581726
1 0.988604 0.330360 0.353264 0.515406 0.477893
1 0.988501 0.281026 0.395846 0.304739 0.416447
1 0.988394 0.481344 0.366184 0.522646 0.401250
0 0.988332 0.043759 0.000000 0.179854 0.357589
0 0.988160 0.052593 0.177747 0.104427 0.378147
1 0.988077 0.385184 0.517442 0.437167 0.579047
1 0.987885 0.389302 0.398447 0.454682 0.452501
1 0.987729 0.363850 0.347557 0.549288 0.482297
1 0.987650 0.250972 0.336483 0.468414 0.495603
1 0.987646 0.930894 0.496018 0.962374 0.523900
1 0.987547 0.458649 0.375390 0.481124 0.394638
1 0.987472 0.471888 0.538636 0.515240 0.585093
1 0.987273 0.963372 0.495656 0.994258 0.523555
1 0.987264 0.287387 0.396126 0.312673 0.416089
1 0.987247 0.418822 0.531059 0.458654 0.567118
1 0.987247 0.690667 0.568106 0.721234 0.598039
1 0.987130 0.667622 0.397690 0.708508 0.433563
1 0.987078 0.707360 0.385746 0.733370 0.405825
1 0.987067 0.203716 0.405820 0.226081 0.425442
1 0.986990 0.682421 0.568641 0.712137 0.597495
1 0.986885 0.273722 0.397905 0.294376 0.414301
1 0.986831 0.658421 0.569047 0.689505 0.597003
1 0.986820 0.346084 0.533028 0.380736 0.569079
1 0.986780 0.485360 0.370576 0.510418 0.394359
1 0.986699 0.664693 0.568291 0.696749 0.597848
1 0.986522 0.577262 0.360661 0.768604 0.471465
1 0.986421 0.632598 0.388039 0.722064 0.484026
1 0.986260 0.790926 0.555601 0.824870 0.589275
1 0.986139 0.520850 0.000000 0.546841 0.021989
1 0.986095 0.326168 0.384779 0.368146 0.426962
1 0.985996 0.692620 0.384056 0.719257 0.407480
1 0.985935 0.677435 0.396210 0.722511 0.436152
1 0.985893 0.534958 0.352295 0.571564 0.395097
1 0.985779 0.357152 0.378102 0.384915 0.409573
1 0.985556 0.673417 0.382855 0.771718 0.490673
