1 0.996243 0.503897 0.421747 0.540427 0.450517
1 0.994950 0.314959 0.411475 0.347688 0.442427
1 0.994363 0.409757 0.418185 0.453741 0.456243
1 0.994349 0.657171 0.415019 0.682693 0.436739
1 0.993935 0.930432 0.507952 0.962955 0.533339
1 0.993741 0.552272 0.383161 0.580664 0.407642
1 0.993673 0.525820 0.381860 0.558671 0.408923
0 0.993437 0.482149 0.138808 0.535566 0.320241
1 0.993380 0.319854 0.409414 0.357483 0.444403
1 0.993335 0.408597 0.419658 0.445194 0.454177
1 0.993155 0.613582 0.382784 0.769679 0.532184
1 0.992960 0.939315 0.504986 0.974789 0.535668
1 0.992919 0.950273 0.503053 0.990343 0.537476
1 0.992708 0.531406 0.382331 0.565047 0.408958
1 0.992606 0.651393 0.414800 0.697198 0.456888
1 0.992600 0.573820 0.382711 0.604056 0.407627
1 0.992284 0.620681 0.379297 0.787608 0.536763
1 0.991899 0.502210 0.421755 0.527896 0.446053
1 0.991644 0.497200 0.383248 0.524643 0.407730
1 0.991392 0.663528 0.409849 0.702896 0.443282
1 0.991085 0.665809 0.418248 0.711642 0.455869
1 0.991074 0.508548 0.565654 0.544058 0.599761
1 0.991004 0.961825 0.505723 0.995499 0.535095
1 0.990987 0.544179 0.383751 0.570983 0.406796
1 0.990974 0.925605 0.507520 0.954941 0.533267
1 0.990974 0.668583 0.393554 0.786029 0.520416
1 0.990750 0.456944 0.492030 0.501295 0.525726
0 0.990671 0.482235 0.141636 0.525553 0.295901
1 0.990540 0.202101 0.429542 0.238020 0.464449
1 0.990350 0.441469 0.475795 0.498417 0.524013
1 0.990345 0.908327 0.506890 0.939369 0.534036
1 0.990182 0.661542 0.416075 0.704153 0.457246
1 0.990025 0.451669 0.477301 0.506108 0.522465
1 0.990012 0.657705 0.412889 0.690661 0.439230
1 0.990000 0.555584 0.383177 0.587319 0.407574
1 0.989846 0.394766 0.344900 0.627421 0.487617
1 0.989688 0.466922 0.390748 0.496541 0.419099
1 0.989601 0.900935 0.506910 0.931595 0.533868
1 0.989411 0.324717 0.406776 0.369010 0.446943
1 0.989204 0.683885 0.404437 0.713133 0.427546
1 0.989066 0.514544 0.564766 0.550978 0.600254
1 0.989040 0.968280 0.505636 1.000000 0.535017
1 0.988949 0.520188 0.561521 0.561387 0.601387
1 0.988814 0.489547 0.563081 0.529910 0.601894
1 0.988798 0.000000 0.490509 0.021887 0.509283
1 0.988761 0.652229 0.413306 0.687583 0.448819
1 0.988272 0.943983 0.501051 0.983565 0.538653
1 0.988216 0.295580 0.416787 0.320065 0.436728
1 0.988199 0.451014 0.389411 0.490465 0.421703
1 0.987955 0.691269 0.402791 0.721365 0.427553
1 0.987933 0.670057 0.414881 0.725017 0.459760
1 0.987715 0.450399 0.491394 0.493767 0.525365
1 0.987604 0.309782 0.417275 0.341508 0.447191
0 0.987561 0.050273 0.092335 0.110081 0.271613
1 0.987559 0.813830 0.567308 0.847173 0.598398
1 0.987417 0.703411 0.415772 0.752442 0.455666
1 0.987402 0.679659 0.419156 0.728277 0.455388
1 0.987342 0.128154 0.176107 0.164031 0.212218
1 0.987340 0.505118 0.456711 0.554151 0.499340
1 0.987281 0.916923 0.507945 0.945486 0.532841
1 0.987115 0.262118 0.439704 0.295187 0.475502
1 0.987055 0.113660 0.488104 0.142599 0.511524
1 0.986918 0.364818 0.403553 0.487744 0.505723
1 0.986836 0.041261 0.492312 0.074456 0.523816
1 0.986704 0.459252 0.489442 0.511112 0.529233
1 0.986528 0.489635 0.382650 0.517038 0.407918
1 0.986500 0.515940 0.384303 0.540747 0.405705
1 0.986394 0.807782 0.569356 0.837996 0.596654
1 0.986362 0.499045 0.565549 0.534905 0.599783
1 0.986270 0.207350 0.427093 0.248200 0.465660
1 0.986197 0.524637 0.385798 0.545787 0.404394
1 0.986062 0.440006 0.517077 0.470150 0.543596
1 0.986005 0.629332 0.396803 0.734402 0.512299
1 0.985835 0.090737 0.485583 0.133801 0.531826
1 0.985826 0.674504 0.412407 0.704259 0.439474
1 0.985706 0.674214 0.403494 0.721363 0.447018
1 0.985690 0.670898 0.000000 0.696938 0.020494
1 0.985557 0.401222 0.549889 0.444392 0.590500
1 0.985461 0.547398 0.388971 0.583765 0.420435
1 0.985325 0.314354 0.414798 0.337351 0.437199
1 0.985052 0.427111 0.465774 0.550773 0.570936
1 0.985016 0.644464 0.572598 0.686079 0.614612
1 0.984806 0.424692 0.341587 0.593967 0.532097
1 0.984701 0.568644 0.382431 0.594988 0.405319
1 0.984682 0.309633 0.413512 0.350325 0.455020
1 0.984617 0.333134 0.403632 0.362195 0.426755
1 0.984528 0.404726 0.545625 0.433941 0.578050
1 0.984501 0.097351 0.484106 0.128848 0.514891
1 0.984402 0.593890 0.375681 0.806874 0.539786
1 0.984305 0.695825 0.402478 0.728375 0.427612
1 0.984275 0.526704 0.558785 0.570560 0.604715
1 0.984267 0.649381 0.423144 0.690551 0.465440
1 0.984238 0.502569 0.417037 0.544332 0.451463
1 0.984176 0.452487 0.492331 0.482769 0.519660
0 0.983954 0.118219 0.028742 0.194328 0.244053
1 0.983833 0.390768 0.395156 0.464393 0.479734
1 0.983650 0.653539 0.400249 0.727943 0.474693
1 0.983464 0.482616 0.561884 0.521696 0.602061
1 0.983456 0.766131 0.421666 0.793654 0.445487
1 0.983444 0.287933 0.417107 0.312846 0.436672
