0 0.997501 0.390423 0.132810 0.449310 0.326085
1 0.996565 0.412784 0.414804 0.451998 0.446461
1 0.995223 0.320128 0.417711 0.363198 0.456615
1 0.994080 0.411485 0.384011 0.438765 0.406716
1 0.993555 0.857630 0.483623 0.895658 0.515111
1 0.993541 0.465135 0.381095 0.497353 0.409502
1 0.993390 0.561328 0.383931 0.691600 0.490887
1 0.993020 0.564580 0.386324 0.662101 0.488476
1 0.992892 0.848158 0.487255 0.879589 0.511967
1 0.992827 0.311909 0.452787 0.501015 0.588236
0 0.992695 0.392542 0.144435 0.436613 0.293120
1 0.992542 0.323128 0.417367 0.369445 0.457191
1 0.992539 0.869369 0.485616 0.901002 0.513578
1 0.992318 0.364027 0.476828 0.420388 0.523103
1 0.992087 0.274478 0.401333 0.305808 0.431041
1 0.992053 0.571377 0.406893 0.594211 0.426086
1 0.992024 0.404499 0.383654 0.430562 0.406636
1 0.991916 0.326842 0.456853 0.465297 0.582657
1 0.991706 0.372728 0.477389 0.426710 0.522550
1 0.991566 0.294047 0.341691 0.545480 0.490783
1 0.991563 0.568857 0.409776 0.600152 0.438967
1 0.991479 0.697166 0.557523 0.729084 0.587770
1 0.991347 0.117362 0.438603 0.146591 0.468356
1 0.991299 0.575724 0.404594 0.603434 0.426250
1 0.991157 0.414388 0.418006 0.444445 0.446370
1 0.991018 0.369032 0.479567 0.443686 0.540428
1 0.990987 0.001631 0.504172 0.033885 0.536366
1 0.990652 0.454153 0.560505 0.486505 0.585058
1 0.990633 0.585068 0.400356 0.624237 0.431577
1 0.990520 0.225074 0.415045 0.266914 0.456655
1 0.990442 0.839952 0.489139 0.868479 0.510560
1 0.990439 0.009788 0.505121 0.041620 0.535588
1 0.989927 0.377122 0.377832 0.483544 0.496355
1 0.989890 0.693817 0.558140 0.721399 0.586857
1 0.989861 0.465140 0.431175 0.503479 0.475180
1 0.989784 0.875189 0.485769 0.908889 0.513279
1 0.989679 0.570855 0.406957 0.606747 0.443878
1 0.989654 0.191287 0.545603 0.225325 0.578792
1 0.989438 0.547979 0.343985 0.749781 0.488020
1 0.989405 0.459154 0.381992 0.487358 0.407816
1 0.989358 0.417849 0.384179 0.443243 0.406602
1 0.989349 0.558166 0.394274 0.639935 0.479685
1 0.989224 0.301301 0.451717 0.457953 0.582145
1 0.989166 0.479684 0.379728 0.513965 0.408060
1 0.989123 0.613607 0.391696 0.642849 0.418408
1 0.989046 0.635720 0.568052 0.667513 0.598213
1 0.988943 0.577290 0.400701 0.617675 0.430698
1 0.988792 0.017778 0.504761 0.049309 0.535329
1 0.988707 0.378476 0.477377 0.435413 0.522506
1 0.988670 0.243260 0.409902 0.281169 0.443154
1 0.988550 0.743140 0.541649 0.781462 0.581480
1 0.988293 0.852602 0.482246 0.888452 0.515404
1 0.988280 0.432509 0.459980 0.465990 0.491355
1 0.988259 0.701626 0.554427 0.739119 0.590605
1 0.988181 0.743921 0.534442 0.793465 0.586888
1 0.988151 0.023647 0.504432 0.056283 0.536156
1 0.988107 0.040091 0.506044 0.071304 0.534012
1 0.987913 0.032213 0.505487 0.063604 0.534733
1 0.987901 0.618776 0.406924 0.664747 0.444436
1 0.987580 0.159108 0.398403 0.314809 0.514514
1 0.987547 0.504207 0.382570 0.531833 0.406561
1 0.987530 0.234507 0.411698 0.271793 0.440448
1 0.987497 0.628648 0.569561 0.659194 0.596861
1 0.987242 0.000000 0.505754 0.024699 0.534731
1 0.987227 0.443069 0.555376 0.482483 0.590110
1 0.987146 0.275021 0.402715 0.298386 0.428058
1 0.987079 0.405285 0.399654 0.442760 0.431900
1 0.986974 0.384645 0.485137 0.443738 0.532245
1 0.986961 0.200999 0.438974 0.234403 0.475093
1 0.986952 0.608535 0.394489 0.634473 0.416866
1 0.986779 0.735026 0.546067 0.770358 0.578137
1 0.986697 0.326724 0.342576 0.492273 0.531839
1 0.986573 0.321750 0.539068 0.370397 0.585540
1 0.986384 0.681795 0.409712 0.707220 0.435394
1 0.986157 0.487379 0.381657 0.518113 0.406538
1 0.986109 0.197426 0.423860 0.231046 0.449081
1 0.985959 0.225861 0.422099 0.254282 0.449366
1 0.985867 0.230645 0.413417 0.263817 0.438390
1 0.985822 0.315926 0.420795 0.344872 0.450561
1 0.985791 0.362667 0.478758 0.435029 0.541242
1 0.985693 0.833639 0.488266 0.860720 0.511325
1 0.985677 0.584509 0.401681 0.638060 0.451307
1 0.985661 0.382132 0.387864 0.411768 0.418368
1 0.985615 0.618217 0.391178 0.649414 0.418219
1 0.985608 0.427302 0.382543 0.454283 0.406224
1 0.985440 0.495145 0.379716 0.525675 0.408399
1 0.985219 0.055269 0.525219 0.088768 0.556479
1 0.985170 0.327748 0.533157 0.355469 0.562717
1 0.985134 0.508074 0.332279 0.721983 0.500298
1 0.984892 0.369897 0.390674 0.394308 0.415297
1 0.984627 0.885078 0.484022 0.917560 0.513594
1 0.984604 0.220430 0.523060 0.267033 0.559823
1 0.984584 0.591657 0.399348 0.631371 0.431876
1 0.984551 0.435627 0.553478 0.475641 0.592031
1 0.984539 0.248780 0.404611 0.276533 0.427969
1 0.984536 0.215409 0.524738 0.256320 0.557632
1 0.984457 0.617366 0.407537 0.657188 0.445016
1 0.984439 0.118853 0.434789 0.152146 0.460301
1 0.984317 0.394698 0.546205 0.439713 0.598343
1 0.984251 0.572349 0.405001 0.619713 0.446938
